15640 230
15644 228
15647 226
15650 223
15654 221
15657 344
15661 341
15664 339
15668 337
15671 335
15674 334
15678 333
15681 332
15685 331
15688 331
15692 330
15695 329
15699 328
15702 328
15705 328
15709 328
15712 328
15716 328
15719 328
15723 327
15726 328
15730 328
15733 329
15736 329
15740 330
15743 330
15747 331
15750 331
15754 331
15757 331
15761 331
15764 330
15767 330
15771 330
15774 329
15778 329
15781 328
15785 328
15788 328
15791 328
15795 328
15798 328
15802 327
15805 327
15809 328
15812 328
15816 329
15819 330
15822 330
15826 331
15829 331
15833 332
15836 332
15840 333
15843 334
15847 232
15850 233
15853 234
15857 235
15860 236
15864 238
15867 239
15871 241
15874 242
15878 244
15881 246
15884 247
15888 248
15891 249
15895 249
15898 249
15902 249
15905 250
15909 250
15912 250
15915 251
15919 252
15922 252
15926 253
15929 254
15933 256
15936 257
15939 259
15943 260
15946 262
15950 263
15953 264
15957 265
15960 267
15964 269
15967 270
15970 272
15974 274
15977 277
15981 279
15984 281
15988 283
15991 284
15995 286
15998 288
16001 290
16005 292
16008 293
16012 295
16015 296
16019 297
16022 298
16026 300
16029 301
16032 303
16036 305
16039 306
16043 308
16046 309
16050 310
16053 311
16056 312
16060 313
16063 315
16067 316
16070 318
16074 320
16077 322
16081 324
16084 325
16087 324
16091 324
16094 324
16098 324
16101 324
16105 324
16108 324
16112 324
16115 324
16118 325
16122 324
16125 324
16129 323
16132 323
16136 323
16139 323
16143 323
16146 323
16149 323
16153 323
16156 322
16160 322
16163 322
16167 321
16170 321
16173 321
16177 321
16180 321
16184 321
16187 321
16191 320
16194 320
16198 319
16201 319
16204 318
16208 318
16211 317
16215 316
16218 315
16222 314
16225 312
16229 310
16232 308
16235 306
16239 304
16242 302
16246 300
16249 297
16253 294
16256 292
16260 289
16263 286
16266 283
16270 280
16273 277
16277 274
16280 271
16284 267
16287 264
16290 261
16294 257
16297 254
16301 252
16304 252
16308 252
16311 252
16315 252
16318 252
16321 252
16325 252
16328 252
16332 253
16335 253
16339 254
16342 254
16346 254
16349 254
16352 254
16356 253
16359 253
16363 253
16366 253
16370 253
16373 253
16377 254
16380 254
16383 255
16387 256
16390 257
16394 258
16397 259
16401 261
16404 262
16408 264
16411 266
16414 267
16418 270
16421 272
16425 274
16428 276
16432 279
16435 281
16438 282
16442 284
16445 286
16449 287
16452 289
16456 290
16459 292
16463 294
16466 296
16469 298
16473 300
16476 302
16480 303
16483 305
16487 306
16490 306
16494 307
16497 307
