15640 222 FDC3
15644 220 FD92
15647 217 FD61
15650 214 FD30
15654 211 FCFF
15657 343 FCCE
15661 339 FE4F
15664 338 FE8D
15668 336 FECB
15671 335 FEA9
15674 334 FE87
15678 332 FEC5
15681 331 FF03
15685 331 FF41
15688 330 FF7F
15692 330 FF5D
15695 329 FF3B
15699 328 FF19
15702 327 FF57
15705 327 FF95
15709 327 FFD3
15712 326 FFB1
15716 326 FF8F
15719 326 FFCD
15723 325 FFAB
15726 325 FFE9
15730 325 0027
15733 325 FFEC
15736 325 002A
15740 325 FFEF
15743 325 FFCD
15747 325 FFAB
15750 325 FFE9
15754 325 FFC7
15757 325 0005
15761 325 0036
15764 325 0067
15767 326 0098
15771 327 00C9
15774 328 00FA
15778 329 012B
15781 330 015C
15785 332 018D
15788 333 0152
15791 334 0183
15795 336 01B4
15798 338 0179
15802 339 01AA
15805 341 01DB
15809 343 020C
15812 345 023D
15816 347 0202
15819 349 01C7
15822 351 01F8
15826 353 0229
15829 356 025A
15833 358 0145
15836 360 0167
15840 361 0189
15843 363 01AB
15847 231 01CD
15850 232 01EF
15853 234 01B1
15857 236 0173
15860 237 0135
15864 238 00F7
15867 238 00B9
15871 239 007B
15874 239 003D
15878 240 005F
15881 240 0081
15884 241 00A3
15888 241 00C5
15891 242 00E7
15895 243 0109
15898 245 012B
15902 246 014D
15905 247 016F
15909 249 0131
15912 249 00F3
15915 251 0115
15919 252 0137
15922 253 0159
15926 255 017B
15929 256 019D
15933 258 01BF
15936 260 01E1
15939 262 0203
15943 264 0225
15946 266 0247
15950 269 0269
15953 271 028B
15957 274 024D
15960 276 026F
15964 279 0291
15967 281 02B3
15970 284 0275
15974 286 0237
15977 288 01F9
15981 290 021B
15984 292 01DD
15988 293 019F
15991 295 0161
15995 296 0123
15998 297 00E5
16001 297 00A7
16005 298 00C9
16008 299 00EB
16012 300 010D
16015 301 012F
16019 303 0151
16022 304 0113
16026 305 0135
16029 306 00F7
16032 307 0119
16036 308 013B
16039 310 015D
16043 311 017F
16046 313 01A1
16050 314 0163
16053 316 0185
16056 317 0147
16060 318 0169
16063 320 018B
16067 322 01AD
16070 323 016F
16074 324 0131
16077 325 0000
16081 324 FFCF
16084 324 FF9E
16087 324 FFD9
16091 324 0014
16094 324 FFD6
16098 324 0011
16101 324 0033
16105 324 FFF5
16108 324 FFC4
16112 324 FFFF
16115 324 003A
16118 324 FFFC
16122 324 FFCB
16125 324 0006
16129 324 0028
16132 324 FFEA
16136 324 0025
16139 324 FFE7
16143 324 0022
16146 324 FFE4
16149 324 001F
16153 324 FFE1
16156 324 001C
16160 324 FFDE
16163 323 FFAD
16167 323 FF7C
16170 322 FF4B
16173 321 FF1A
16177 320 FEE9
16180 319 FF24
16184 319 FF5F
16187 318 FF9A
16191 318 FF69
16194 317 FFA4
16198 317 FFDF
16201 317 001A
16204 318 003C
16208 318 005E
16211 318 0020
16215 318 0042
16218 318 0004
16222 318 FFC6
16225 318 FF95
16229 318 FFD0
16232 317 FF9F
16235 317 FF6E
16239 316 FFA9
16242 316 FFE4
16246 316 FFB3
16249 315 FF82
16253 315 FF51
16256 314 FF20
16260 313 FF5B
16263 313 FF96
16266 312 FF65
16270 312 FFA0
16273 311 FF6F
16277 311 FFAA
16280 311 FFE5
16284 311 0020
16287 311 0042
16290 312 0064
16294 312 0086
16297 313 00A8
16301 314 00CA
16304 314 00EC
16308 316 010E
16311 317 0130
16315 318 00F2
16318 318 00B4
16321 319 0076
16325 319 0098
16328 320 005A
16332 320 001C
16335 320 FFDE
16339 320 0019
16342 320 FFDB
16346 319 FFAA
16349 319 FF79
16352 319 FFB4
16356 318 FFEF
16359 319 002A
16363 319 004C
16366 319 006E
16370 320 0090
16373 320 0052
16377 321 0074
16380 321 0096
16383 322 00B8
16387 322 007A
16390 323 003C
16394 323 FFFE
16397 322 FFCD
16401 322 FF9C
16404 322 FF6B
16408 321 FF3A
16411 320 FF75
16414 319 FF44
16418 319 FF13
16421 317 FEE2
16425 316 FEB1
16428 315 FEEC
16432 314 FF27
16435 313 FEF6
16438 312 FF31
16442 311 FF00
16445 311 FF3B
16449 310 FF0A
16452 309 FF45
16456 308 FF80
16459 308 FFBB
16463 308 FFF6
16466 308 0031
16469 309 0053
16473 309 0075
16476 310 0097
16480 310 00B9
16483 311 00DB
16487 312 00FD
16490 313 011F
16494 314 00E1
16497 315 0103
16500 316 0125
16504 317 00E7
16506 318 00A9
16508 318 006B
16511 319 002D
16513 318 FFEF
16515 319 002A
16517 319 FFEC
16519 319 0027
16522 319 0049
16524 319 000B
16526 319 FFCD
16528 319 0008
16531 319 FFCA
16533 319 0005
16535 319 0027
16537 319 FFE9
16540 319 0024
16542 319 0046
16544 320 0068
16546 320 002A
16548 320 FFEC
16551 320 0027
16553 320 FFE9
16555 319 FFB8
16557 319 FF87
16560 318 FF56
16562 318 FF91
