
   LN Mode Mini
   -- ---- ----
  151 0    0   
  168 0    0   
  185 0    0   
  200 0    0   
  217 0    0   
  234 0    0   
  249 0    0   
  268 0    0   
  285 0    0   
  306 0    0   
  325 0    0   
  344 0    0   
  363 0    0   
  382 0    0   
  401 0    0   
  420 0    0   
  437 0    0   
  456 0    0   
  473 0    0   
  492 0    0   
  511 0    0   
  530 0    0   
  547 0    0   
  564 0    0   
  582 0    0   
  599 0    0   
  619 0    0   
  636 0    0   
  655 0    0   
  672 0    0   
  691 0    0   
  708 0    0   
  727 0    0   
  746 0    0   
  765 0    0   
  786 0    0   
  805 0    0   
  823 0    0   
  840 0    0   
  858 0    0   
  877 0    0   
  894 0    0   
  913 0    0   
  932 0    0   
  968 0    0   
  985 0    0   
 1004 0    0   
 1023 0    0   
 1043 0    0   
 1065 0    0   
 1082 0    0   
 1100 0    0   
 1120 0    0   
 1137 0    0   
 1158 0    0   
 1177 0    0   
 1196 0    0   
 1215 0    0   
 1234 0    0   
 1253 0    0   
 1272 0    0   
 1289 0    0   
 1308 0    0   
 1327 0    0   
 1344 0    0   
 1363 0    0   
 1382 0    0   
 1401 0    0   
 1420 0    0   
 1437 0    0   
 1458 0    0   
 1477 0    0   
 1496 0    0   
 1515 0    0   
 1535 0    0   
 1553 0    0   
 1572 0    0   
 1591 0    0   
 1608 0    0   
 1627 0    0   
 1644 0    0   
 1663 0    0   
 1683 0    0   
 1702 0    0   
 1719 0    0   
 1736 0    0   
 1756 0    0   
 1775 0    0   
 1794 0    0   
 1811 0    0   
 1830 0    0   
 1847 0    0   
 1871 0    0   
 1888 0    0   
 1907 0    0   
 1924 0    0   
 1943 0    0   
 1962 0    0   
 1979 0    0   
 2013 0    0   
 2034 0    0   
 2051 0    0   
 2070 0    0   
 2087 0    0   
 2106 0    0   
 2124 0    0   
 2141 0    0   
 2160 0    0   
 2177 0    0   
 2198 0    0   
 2215 0    0   
 2234 0    0   
 2253 0    0   
 2270 0    0   
 2289 0    0   
 2306 0    0   
 2325 0    0   
 2342 0    0   
 2361 0    0   
 2378 0    0   
 2399 0    0   
 2418 0    0   
 2437 0    0   
 2456 0    0   
 2475 0    0   
 2492 0    0   
 2509 0    0   
 2528 0    0   
 2545 0    0   
 2564 0    0   
 2581 0    0   
 2600 0    0   
 2618 0    0   
 2637 0    0   
 2654 0    0   
 2673 0    0   
 2692 0    0   
 2727 0    0   
 2748 0    0   
 2767 0    0   
 2786 0    0   
 2806 0    0   
 2828 0    0   
 2847 0    0   
 2864 0    0   
 2883 0    0   
 2900 0    0   
 2919 0    0   
 2936 0    0   
 2954 0    0   
 2973 0    0   
 2994 0    0   
 3013 0    0   
 3032 0    0   
 3052 6    0   
 3073 6    0   
 3090 6    0   
 3108 6    1   
 3126 6    1   
 3149 6    1   
 3165 6    1   
 3184 6    1   
 3203 6    1   
 3219 6    1   
 3237 6    1   
 3257 6    1   
 3275 6    1   
 3291 6    1   
 3307 6    1   
 3324 6    1   
 3339 6    1   
 3359 6    1   
 3375 6    1   
 3393 6    1   
 3410 6    1   
 3428 6    1   
 3443 6    1   
 3461 6    1   
 3476 6    1   
 3492 6    1   
 3510 6    1   
 3525 6    1   
 3545 6    1   
 3560 6    1   
 3577 6    1   
 3593 6    1   
 3610 6    1   
 3627 6    1   
 3642 6    1   
 3662 6    1   
 3680 6    1   
 3698 6    1   
 3714 6    1   
 3733 6    1   
 3751 6    1   
 3768 6    1   
 3785 6    1   
 3800 6    1   
 3816 6    1   
 3835 6    1   
 3854 6    1   
 3869 6    1   
 3887 6    1   
 3902 6    1   
 3922 6    1   
 3939 6    1   
 3956 6    1   
 3974 6    1   
 3992 6    1   
 4011 6    1   
 4029 6    1   
 4047 6    1   
 4063 6    1   
 4078 6    1   
 4095 0    1   
 4114 0    1   
 4152 0    0   
 4177 0    0   
 4194 0    0   
 4213 0    0   
 4232 0    0   
 4252 0    0   
 4273 0    0   
 4290 0    0   
 4311 0    0   
 4328 0    0   
 4347 0    0   
 4364 0    0   
 4383 0    0   
 4402 0    0   
 4419 0    0   
 4439 0    0   
 4456 0    0   
 4475 0    0   
 4492 0    0   
 4511 0    0   
 4530 0    0   
 4547 0    0   
 4568 0    0   
 4587 0    0   
 4604 0    0   
 4626 0    0   
 4646 0    0   
 4663 0    0   
 4683 0    0   
 4700 0    0   
 4719 0    0   
 4738 0    0   
 4755 0    0   
 4774 0    0   
 4791 0    0   
 4808 0    0   
 4829 0    0   
 4846 0    0   
 4865 0    0   
 4882 0    0   
 4904 0    0   
 4924 0    0   
 4941 0    0   
 4960 0    0   
 4977 0    0   
 4996 0    0   
 5013 0    0   
 5032 0    0   
 5049 0    0   
 5068 0    0   
 5085 0    0   
 5106 0    0   
 5127 0    0   
 5144 0    0   
 5161 0    0   
 5179 0    0   
 5198 0    0   
 5218 0    0   
 5239 0    0   
 5256 0    0   
 5275 0    0   
 5292 0    0   
 5311 0    0   
 5328 0    0   
 5347 0    0   
 5364 0    0   
 5385 0    0   
 5402 0    0   
 5421 0    0   
 5438 0    0   
 5459 0    0   
 5478 0    0   
 5497 0    0   
 5514 0    0   
 5533 0    0   
 5550 0    0   
 5569 0    0   
 5586 0    0   
 5605 0    0   
 5625 0    0   
 5642 0    0   
 5662 0    0   
 5684 0    0   
 5703 0    0   
 5722 0    0   
 5739 0    0   
 5758 0    0   
 5777 0    0   
 5795 0    0   
 5812 0    0   
 5833 0    0   
 5850 0    0   
 5869 0    0   
 5886 0    0   
 5905 0    0   
 5924 0    0   
 5941 0    0   
 5962 0    0   
 5981 0    0   
 6002 0    0   
 6021 0    0   
 6040 0    0   
 6057 0    0   
 6076 0    0   
 6093 0    0   
 6112 0    0   
 6130 0    0   
 6149 0    0   
 6168 0    0   
 6185 0    0   
 6204 0    0   
 6223 0    0   
 6240 0    0   
 6261 0    0   
 6278 0    0   
 6297 0    0   
 6314 0    0   
 6333 0    0   
 6350 0    0   
 6369 0    0   
 6386 0    0   
 6405 0    0   
 6422 0    0   
 6441 0    0   
 6458 0    0   
 6477 0    0   
 6497 0    0   
 6516 0    0   
 6535 0    0   
 6571 0    0   
 6590 0    0   
 6610 0    0   
 6628 0    0   
 6647 0    0   
 6664 0    0   
 6683 0    0   
 6700 0    0   
 6719 0    0   
 6742 0    0   
 6759 0    0   
 6778 0    0   
 6797 0    0   
 6816 0    0   
 6835 0    0   
 6852 0    0   
 6871 0    0   
 6890 0    0   
 6909 0    0   
 6926 0    0   
 6945 0    0   
 6962 0    0   
 6981 0    0   
 6998 0    0   
 7017 0    0   
 7034 0    0   
 7053 0    0   
 7071 0    0   
 7091 0    0   
 7108 0    0   
 7129 0    0   
 7146 0    0   
 7164 0    0   
 7181 0    0   
 7199 0    0   
 7219 0    0   
 7238 0    0   
 7255 0    0   
 7274 0    0   
 7291 0    0   
 7310 0    0   
 7327 0    0   
 7346 0    0   
 7363 0    0   
 7384 0    0   
 7403 0    0   
 7422 0    0   
 7441 0    0   
 7458 0    0   
 7475 0    0   
 7492 0    0   
 7511 0    0   
 7529 0    0   
 7547 0    0   
 7566 0    0   
 7583 0    0   
 7602 0    0   
 7621 0    0   
 7640 0    0   
 7659 0    0   
 7678 0    0   
 7699 0    0   
 7718 0    0   
 7737 0    0   
 7756 0    0   
 7773 0    0   
 7792 0    0   
 7809 0    0   
 7828 0    0   
 7847 0    0   
 7864 0    0   
 7883 0    0   
 7900 0    0   
 7920 0    0   
 7937 0    0   
 7958 0    0   
 7975 0    0   
 7994 0    0   
 8013 0    0   
 8035 0    0   
 8054 0    0   
 8073 0    0   
 8095 0    0   
 8113 0    0   
 8132 0    0   
 8149 0    0   
 8168 0    0   
 8185 0    0   
 8204 0    0   
 8223 0    0   
 8240 0    0   
 8259 0    0   
 8280 0    0   
 8299 0    0   
 8318 0    0   
 8337 0    0   
 8356 0    0   
 8373 0    0   
 8394 0    0   
 8411 0    0   
 8430 0    0   
 8449 0    0   
 8468 0    0   
 8489 0    0   
 8506 0    0   
 8525 0    0   
 8544 0    0   
 8561 0    0   
 8580 0    0   
 8601 0    0   
 8618 0    0   
 8636 0    0   
 8654 0    0   
 8677 0    0   
 8696 0    0   
 8713 0    0   
 8731 0    0   
 8750 0    0   
 8769 0    0   
 8787 0    0   
 8807 0    0   
 8826 0    0   
 8845 0    0   
 8864 0    0   
 8881 0    0   
 8901 0    0   
 8920 0    0   
 8938 0    0   
 8955 0    0   
 8976 0    0   
 8993 0    0   
 9014 0    0   
 9033 0    0   
 9050 0    0   
 9069 0    0   
 9088 0    0   
 9107 0    0   
 9126 0    0   
 9146 0    0   
 9168 0    0   
 9187 0    0   
 9206 0    0   
 9225 0    0   
 9242 0    0   
 9261 0    0   
 9280 0    0   
 9299 0    0   
 9318 0    0   
 9337 0    0   
 9354 0    0   
 9373 0    0   
 9392 0    0   
 9409 0    0   
 9428 0    0   
 9449 0    0   
 9466 0    0   
 9485 0    0   
 9506 0    0   
 9526 0    0   
 9543 0    0   
 9564 0    0   
 9583 0    0   
 9600 0    0   
 9621 0    0   
 9640 0    0   
 9659 0    0   
 9678 0    0   
 9695 0    0   
 9714 0    0   
 9735 0    0   
 9754 0    0   
 9771 0    0   
 9790 0    0   
 9811 0    0   
 9828 0    0   
 9846 0    0   
 9863 0    0   
 9886 0    0   
 9904 0    0   
 9925 0    0   
 9944 0    0   
 9961 0    0   
 9980 0    0   
 9997 0    0   
10016 0    0   
10035 0    0   
10052 0    0   
10071 0    0   
10090 0    0   
10107 0    0   
10128 0    0   
10147 0    0   
10166 0    0   
10183 0    0   
10202 0    0   
10221 0    0   
10238 0    0   
10257 0    0   
10276 0    0   
10293 0    0   
10312 0    0   
10331 0    0   
10350 0    0   
10369 0    0   
10388 0    0   
10407 0    0   
10426 0    0   
10445 0    0   
10464 0    0   
10481 0    0   
10500 0    0   
10520 0    0   
10540 0    0   
10559 0    0   
10576 0    0   
10595 0    0   
10612 0    0   
10633 0    0   
10652 0    0   
10671 0    0   
10690 0    0   
10709 0    0   
10726 0    0   
10746 0    0   
10763 0    0   
10782 0    0   
10801 0    0   
10818 0    0   
10837 0    0   
10856 0    0   
10875 0    0   
10894 0    0   
10911 0    0   
10932 0    0   
10951 0    0   
10968 0    0   
10989 0    0   
11006 0    0   
11025 0    0   
11044 0    0   
11063 0    0   
11084 0    0   
11104 0    0   
11124 0    0   
11141 0    0   
11160 0    0   
11179 0    0   
11198 0    0   
11217 0    0   
11236 0    0   
11255 0    0   
11274 0    0   
11293 0    0   
11312 0    0   
11329 0    0   
11348 0    0   
11367 0    0   
11386 0    0   
11403 0    0   
11422 0    0   
11439 0    0   
11459 0    0   
11477 0    0   
11496 0    0   
11515 0    0   
11534 0    0   
11553 0    0   
11570 0    0   
11589 0    0   
11608 0    0   
11627 0    0   
11646 0    0   
11663 0    0   
11682 0    0   
11701 0    0   
11718 0    0   
11737 0    0   
11758 0    0   
11775 0    0   
11794 0    0   
11814 0    0   
11840 0    0   
11859 0    0   
11876 0    0   
11895 0    0   
11914 0    0   
11931 0    0   
11949 0    0   
11968 0    0   
11985 0    0   
12006 0    0   
12023 0    0   
12044 0    0   
12064 0    0   
12084 0    0   
12103 0    0   
12122 0    0   
12141 0    0   
12160 0    0   
12177 0    0   
12196 0    0   
12215 0    0   
12234 0    0   
12251 0    0   
12270 0    0   
12289 0    0   
12306 0    0   
12323 0    0   
12344 0    0   
12361 0    0   
12381 0    0   
12399 0    0   
12416 0    0   
12436 0    0   
12456 0    0   
12476 0    0   
12495 0    0   
12514 0    0   
12531 0    0   
12550 0    0   
12567 0    0   
12586 0    0   
12603 0    0   
12622 0    0   
12641 0    0   
12660 0    0   
12677 0    0   
12698 0    0   
12714 0    0   
12733 0    0   
12752 0    0   
12769 0    0   
12786 0    0   
12806 0    0   
12823 0    0   
12842 0    0   
12861 0    0   
12878 0    0   
12897 0    0   
12916 0    0   
12935 0    0   
12954 0    0   
12971 0    0   
12991 0    0   
13010 0    0   
13030 0    0   
13049 0    0   
13068 0    0   
13085 0    0   
13104 0    0   
13121 0    0   
13138 0    0   
13158 0    0   
13175 0    0   
13194 0    0   
13211 0    0   
13232 0    0   
13249 0    0   
13268 0    0   
13285 0    0   
13304 0    0   
13324 0    0   
13344 0    0   
13363 0    0   
13380 0    0   
13399 0    0   
13418 0    0   
13435 0    0   
13454 0    0   
13471 0    0   
13490 0    0   
13507 0    0   
13526 0    0   
13543 0    0   
13564 0    0   
13581 0    0   
13602 0    0   
13619 0    0   
13638 0    0   
13657 0    0   
13676 0    0   
13695 0    0   
13712 0    0   
13731 0    0   
13749 0    0   
13770 0    0   
13787 0    0   
13806 0    0   
13823 0    0   
13844 0    0   
13861 0    0   
13880 0    0   
13897 0    0   
13917 0    0   
13936 0    0   
13953 0    0   
13972 0    0   
13989 0    0   
14008 0    0   
14027 0    0   
14046 0    0   
14065 0    0   
14084 0    0   
14103 0    0   
14122 0    0   
14141 0    0   
14160 0    0   
14179 0    0   
14198 0    0   
14218 0    0   
14238 0    0   
14256 0    0   
14275 0    0   
14294 0    0   
14311 0    0   
14332 0    0   
14349 0    0   
14368 0    0   
14385 0    0   
14408 0    0   
14429 0    0   
14446 0    0   
14463 0    0   
14482 0    0   
14501 0    0   
14520 0    0   
14537 0    0   
14556 0    0   
14573 0    0   
14592 0    0   
14609 0    0   
14628 0    0   
14645 0    0   
14662 0    0   
14681 0    0   
14700 0    0   
14717 0    0   
14736 0    0   
14753 0    0   
14772 0    0   
14789 0    0   
14808 0    0   
14825 0    0   
14844 0    0   
14861 0    0   
14882 0    0   
14899 0    0   
14918 0    0   
14937 0    0   
14973 0    0   
14993 0    0   
15013 0    0   
15030 0    0   
15048 0    0   
15065 0    0   
15084 0    0   
15101 0    0   
15120 0    0   
15139 0    0   
15158 0    0   
15177 0    0   
15196 0    0   
15215 0    0   
15234 0    0   
15253 0    0   
15272 0    0   
15289 0    0   
15308 0    0   
15329 0    0   
15346 0    0   
15363 0    0   
15384 0    0   
15403 0    0   
15420 0    0   
15439 0    0   
15456 0    0   
15475 0    0   
15495 0    0   
15513 0    0   
15531 0    0   
15548 0    0   
15567 0    0   
15586 0    0   
15603 0    0   
15622 0    0   
15639 0    0   
15658 0    0   
15677 0    0   
15696 0    0   
15713 0    0   
15734 0    0   
15754 0    0   
15771 0    0   
15792 0    0   
15811 0    0   
15830 0    0   
15847 0    0   
15885 6    0   
15902 6    0   
15923 6    0   
15938 6    0   
15960 6    0   
15979 6    0   
15997 6    0   
16014 6    0   
16029 6    0   
16047 6    0   
16062 6    0   
16078 6    0   
16095 6    0   
16112 6    0   
16131 6    0   
16148 6    0   
16165 6    0   
16182 6    0   
16198 6    0   
16215 6    0   
16235 6    0   
16252 6    0   
16271 6    0   
16287 6    0   
16304 6    0   
16321 6    0   
16339 6    0   
16355 6    0   
16373 6    0   
16391 6    0   
16406 6    0   
16422 6    0   
16440 6    0   
16457 6    0   
16472 6    0   
16491 6    0   
16509 6    0   
16527 6    0   
16545 6    0   
16563 6    0   
16580 6    0   
16599 6    0   
16614 6    0   
16631 6    0   
16646 6    0   
16664 6    0   
16680 6    0   
16696 6    0   
16712 6    0   
16730 6    0   
16746 6    0   
16763 6    0   
16779 6    0   
16797 6    0   
16813 6    0   
16830 6    0   
16847 6    0   
16864 6    0   
16880 6    0   
16896 6    0   
16911 6    0   
16929 6    0   
16945 6    0   
16963 6    0   
16981 6    0   
16996 6    0   
17012 6    0   
17027 6    0   
17044 6    0   
17059 6    0   
17077 6    0   
17092 6    0   
17109 6    0   
17127 6    0   
17143 6    0   
17159 6    0   
17176 6    0   
17194 6    0   
17210 6    0   
17226 6    0   
17243 6    0   
17261 6    0   
17278 6    0   
17294 6    0   
17310 6    0   
17328 6    0   
17343 6    0   
17358 6    0   
17373 6    0   
17391 6    0   
17409 6    0   
17427 6    0   
17445 6    0   
17460 6    0   
17476 6    0   
17493 6    0   
17508 6    0   
17524 6    0   
17540 6    0   
17557 6    0   
17572 6    0   
17590 6    0   
17606 6    0   
17623 6    0   
17638 6    0   
17654 6    0   
17670 6    0   
17688 6    0   
17704 6    0   
17720 6    0   
17736 6    0   
17754 6    0   
17770 6    0   
17786 6    0   
17804 6    0   
17823 6    0   
17840 6    0   
17857 6    0   
17873 6    0   
17893 6    0   
17911 6    0   
17927 6    0   
17942 6    0   
17959 6    0   
17975 6    0   
17991 6    0   
18009 6    0   
18025 6    0   
18040 6    0   
18055 6    0   
18073 6    0   
18089 6    0   
18104 6    0   
18121 6    0   
18139 6    0   
18155 6    0   
18170 6    0   
18185 6    0   
18203 6    0   
18219 6    0   
18234 6    0   
18251 6    0   
18266 6    0   
18283 6    0   
18299 6    0   
18317 6    0   
18333 6    0   
18349 6    0   
18364 6    0   
18382 6    0   
18397 6    0   
18412 6    0   
18427 6    0   
18445 6    0   
18460 6    0   
18477 6    0   
18492 6    0   
18512 6    0   
18530 6    0   
18546 6    0   
18562 6    0   
18577 6    0   
18594 6    0   
18610 6    0   
18628 6    0   
18643 6    0   
18658 6    0   
18674 6    0   
18691 6    0   
18707 6    0   
18723 6    0   
18738 6    0   
18756 6    0   
18772 6    0   
18787 6    0   
18802 6    0   
18821 6    0   
18837 6    0   
18854 6    0   
18869 6    0   
18884 6    0   
18902 6    0   
18918 6    0   
18935 6    0   
18952 6    0   
18967 6    0   
18983 6    0   
18999 6    0   
19018 6    0   
19035 6    0   
19050 6    0   
19065 6    0   
19082 6    0   
19097 6    0   
19117 6    0   
19133 6    0   
19151 6    0   
19166 6    0   
19184 6    0   
19202 6    0   
19220 6    0   
19239 6    0   
19257 6    0   
19276 6    0   
19291 6    0   
19309 6    0   
19325 6    0   
19344 6    0   
19362 6    0   
19377 6    0   
19395 6    0   
19413 6    0   
19429 6    0   
19449 6    0   
19466 6    0   
19484 6    0   
19504 6    0   
19520 6    0   
19538 6    0   
19555 6    0   
19574 6    0   
19596 6    0   
19613 6    0   
19631 6    0   
19646 6    0   
19661 6    0   
19678 6    0   
19695 6    0   
19711 6    0   
19728 1    0   
19750 1    0   
19771 1    1   
19793 1    1   
19834 1    1   
19856 1    1   
19876 1    1   
19898 1    1   
19920 1    1   
19943 1    1   
19965 1    1   
19984 1    1   
20006 1    1   
20028 1    1   
20048 1    1   
20066 1    1   
20086 1    1   
20104 1    1   
20124 1    1   
20142 1    1   
20162 1    1   
20180 1    1   
20202 1    1   
20222 1    1   
20242 1    1   
20260 1    1   
20280 1    1   
20298 1    1   
20318 1    1   
20336 1    1   
20356 1    1   
20374 1    1   
20394 1    1   
20413 1    1   
20434 1    1   
20452 1    1   
20471 1    1   
20489 1    1   
20509 1    1   
20529 1    1   
20549 1    1   
20567 1    1   
20587 1    1   
20606 1    1   
20627 1    1   
20646 1    1   
20667 1    1   
20708 1    1   
20727 1    1   
20747 1    1   
20767 1    1   
20788 1    1   
20809 1    1   
20830 1    1   
20849 1    1   
20870 1    1   
20889 1    1   
20910 1    1   
20929 1    1   
20950 1    1   
20969 1    1   
20991 1    1   
21012 1    1   
21031 1    1   
21052 1    1   
21071 1    1   
21092 1    1   
21113 1    1   
21131 1    1   
21152 1    1   
21171 1    1   
21191 1    1   
21214 1    1   
21234 1    1   
21252 1    1   
21272 1    1   
21291 1    1   
21310 1    1   
21329 1    1   
21352 1    1   
21370 1    1   
21390 1    1   
21408 1    1   
21428 1    1   
21448 1    1   
21466 1    1   
21487 1    1   
21505 1    1   
21523 1    1   
21543 1    1   
21561 1    1   
21581 1    1   
21599 1    1   
21621 1    1   
21639 1    1   
21659 1    1   
21677 1    1   
21699 1    1   
21717 1    1   
21737 1    1   
21757 1    1   
21775 1    1   
21795 1    1   
21813 1    1   
21832 1    1   
21850 1    1   
21872 1    1   
21890 1    1   
21910 1    1   
21930 1    1   
21949 1    1   
21971 1    1   
21992 1    1   
22013 1    1   
22036 1    1   
22055 1    1   
22076 1    1   
22095 1    1   
22116 1    1   
22134 1    1   
22156 1    1   
22177 1    1   
22198 1    1   
22218 1    1   
22239 1    1   
22261 1    1   
22281 1    1   
22299 1    1   
22321 1    1   
22340 1    1   
22360 1    1   
22381 1    1   
22402 1    1   
22420 1    1   
22440 1    1   
22460 1    1   
22480 1    1   
22500 1    1   
22518 1    1   
22540 1    1   
22560 1    1   
22581 1    1   
22602 1    1   
22620 1    1   
22641 1    1   
22661 1    1   
22679 1    1   
22700 1    1   
22719 1    1   
22740 1    1   
22760 1    1   
22782 1    1   
22800 1    1   
22821 1    1   
22841 1    1   
22862 1    1   
22882 1    1   
22903 1    1   
22923 1    1   
22943 1    1   
22963 1    1   
22981 1    1   
23001 1    1   
23019 1    1   
23040 1    1   
23059 1    1   
23077 1    1   
23096 1    1   
23119 1    1   
23138 1    1   
23159 1    1   
23180 1    1   
23201 1    1   
23221 1    1   
23242 1    1   
23260 1    1   
23282 1    1   
23301 1    1   
23321 1    1   
23339 1    1   
23358 1    1   
23380 1    1   
23401 1    1   
23422 1    1   
23443 1    1   
23462 1    1   
23483 1    1   
23503 1    1   
23522 1    1   
23542 1    1   
23563 1    1   
23582 1    1   
23602 1    1   
23623 1    1   
23642 1    1   
23662 1    1   
23683 1    1   
23704 1    1   
23723 1    1   
23745 1    1   
23765 2    1   
23784 2    1   
23808 2    1   
23828 2    1   
23852 2    1   
23871 2    1   
23910 2    0   
23943 2    0   
23962 2    0   
23983 2    0   
24005 2    0   
24027 2    0   
24053 2    0   
24070 2    0   
24088 2    0   
24111 2    0   
24129 2    0   
24143 2    0   
24161 2    0   
24176 2    0   
24192 2    0   
24217 2    0   
24236 2    0   
24256 2    0   
24274 2    0   
24292 2    0   
24313 2    0   
24333 2    0   
24353 2    0   
24380 2    0   
24397 2    0   
24418 2    0   
24439 2    0   
24459 2    0   
24481 2    0   
24502 2    0   
24521 2    0   
24544 2    0   
24561 2    0   
24582 2    0   
24602 2    0   
24624 2    0   
24645 2    0   
24665 2    0   
24687 2    0   
24706 2    0   
24725 2    0   
24740 2    0   
24758 2    0   
24775 2    0   
24790 2    0   
24811 2    0   
24830 2    0   
24847 2    0   
24865 2    0   
24882 2    0   
24904 2    0   
24927 2    0   
24949 2    0   
24970 2    0   
24995 2    0   
25014 2    0   
25035 2    0   
25053 2    0   
25073 2    0   
25097 2    0   
25117 2    0   
25138 2    0   
25159 2    0   
25182 2    0   
25201 2    0   
25223 2    0   
25242 2    0   
25263 2    0   
25283 2    0   
25305 2    0   
25324 2    0   
25342 2    0   
25361 2    0   
25376 2    0   
25396 2    0   
25415 2    0   
25430 2    0   
25451 2    0   
25470 2    0   
25490 2    0   
25506 2    0   
25524 2    0   
25541 2    0   
25559 2    0   
25573 2    0   
25590 2    0   
25608 2    0   
25623 2    0   
25642 2    0   
25656 2    0   
25674 2    0   
25693 2    0   
25710 2    0   
25725 2    0   
25744 2    0   
25759 2    0   
25780 2    0   
25797 2    0   
25816 2    0   
25833 2    0   
25852 2    0   
25866 2    0   
25886 2    0   
25902 2    0   
25926 2    0   
25946 2    0   
25968 2    0   
25990 2    0   
26007 2    0   
26025 2    0   
26050 2    0   
26067 2    0   
26087 2    0   
26108 2    0   
26126 2    0   
26149 2    0   
26173 2    0   
26190 2    0   
26211 2    0   
26232 2    0   
26246 2    0   
26262 2    0   
26277 2    0   
26299 2    0   
26313 2    0   
26330 2    0   
26345 2    0   
26364 2    0   
26379 2    0   
26395 2    0   
26415 2    0   
26435 2    0   
26456 2    0   
26477 2    0   
26495 2    0   
26516 2    0   
26534 2    0   
26556 2    0   
26579 2    0   
26599 2    0   
26627 2    0   
26653 2    0   
26677 2    0   
26701 2    0   
26727 2    0   
26761 2    0   
26786 2    0   
26814 2    0   
26837 2    0   
26863 2    0   
26886 2    0   
26913 2    0   
26939 2    0   
26965 2    0   
26993 2    0   
27017 2    0   
27048 2    0   
27073 2    0   
27094 2    0   
27114 2    0   
27136 2    0   
27153 2    0   
27172 2    0   
27189 2    0   
27212 2    0   
27235 2    0   
27257 2    0   
27274 2    0   
27293 2    0   
27311 2    0   
27335 2    0   
27355 2    0   
27375 2    0   
27392 2    0   
27409 2    0   
27433 2    0   
27455 2    0   
27475 2    0   
27496 2    0   
27511 2    0   
27531 2    0   
27548 2    0   
27570 2    0   
27586 2    0   
27604 2    0   
27621 2    0   
27640 2    0   
27656 2    0   
27675 2    0   
27693 2    0   
27709 2    0   
27728 2    0   
27743 2    0   
27760 2    0   
27780 2    0   
27798 2    0   
27815 2    0   
27836 2    0   
27852 2    0   
27871 2    0   
27887 2    0   
27906 2    0   
27922 2    1   
27941 2    1   
27955 2    1   
27971 2    1   
27988 3    1   
28007 3    1   
28031 3    1   
28053 3    1   
28077 3    1   
28120 3    1   
28143 3    1   
28167 3    1   
28188 3    1   
28209 3    1   
28230 3    1   
28249 3    1   
28272 3    1   
28293 3    1   
28314 3    1   
28335 3    1   
28356 3    1   
28375 3    1   
28394 3    1   
28413 3    1   
28432 3    1   
28453 3    1   
28472 3    1   
28491 3    1   
28510 3    1   
28531 3    1   
28550 3    1   
28569 3    1   
28588 3    1   
28607 3    1   
28628 3    1   
28647 3    1   
28666 3    1   
28685 3    1   
28704 3    1   
28725 3    1   
28744 3    1   
28763 3    1   
28782 3    1   
28804 3    1   
28824 3    1   
28843 3    1   
28862 3    1   
28882 3    1   
28904 3    1   
28923 3    1   
28942 3    1   
28961 3    1   
28980 3    1   
29001 3    1   
29020 3    1   
29039 3    1   
29058 3    1   
29079 3    1   
29098 3    1   
29117 3    1   
29136 3    1   
29155 3    1   
29176 3    1   
29195 3    1   
29214 3    1   
29233 3    1   
29252 3    1   
29273 3    1   
29292 3    1   
29311 3    1   
29330 3    1   
29353 3    1   
29374 3    1   
29395 3    1   
29417 3    1   
29439 3    1   
29458 3    1   
29480 3    1   
29504 3    1   
29525 3    1   
29548 3    1   
29569 3    1   
29590 3    1   
29613 3    1   
29634 3    1   
29655 3    1   
29676 3    1   
29697 3    1   
29720 3    1   
29741 3    1   
29760 3    1   
29780 3    1   
29801 3    1   
29820 3    1   
29841 3    1   
29860 3    1   
29881 3    1   
29900 3    1   
29922 3    1   
29945 3    1   
29967 3    1   
29986 3    1   
30005 3    1   
30028 3    1   
30049 3    1   
30070 3    1   
30091 3    1   
30113 3    1   
30137 3    1   
30159 3    1   
30181 3    1   
30200 3    1   
30219 3    1   
30241 3    1   
30262 3    1   
30281 3    1   
30302 3    1   
30323 3    1   
30342 3    1   
30361 3    1   
30383 3    1   
30405 3    1   
30426 3    1   
30446 3    1   
30468 3    1   
30488 3    1   
30510 3    1   
30533 3    1   
30554 3    1   
30575 3    1   
30596 3    1   
30617 3    1   
30640 3    1   
30660 3    1   
30682 3    1   
30701 3    1   
30722 3    1   
30743 3    1   
30762 3    1   
30783 3    1   
30802 3    1   
30823 3    1   
30844 3    1   
30865 3    1   
30884 3    1   
30903 3    1   
30924 3    1   
30943 3    1   
30966 3    1   
30987 3    1   
31006 3    1   
31027 3    1   
31048 3    1   
31069 3    1   
31088 3    1   
31107 3    1   
31127 3    1   
31148 3    1   
31167 3    1   
31188 3    1   
31207 3    1   
31230 3    1   
31251 3    1   
31272 3    1   
31293 3    1   
31314 3    1   
31333 3    1   
31354 3    1   
31373 3    1   
31394 3    1   
31413 3    1   
31432 3    1   
31457 3    1   
31478 3    1   
31497 3    1   
31520 3    1   
31539 3    1   
31562 3    1   
31583 3    1   
31604 3    1   
31623 3    1   
31644 3    1   
31663 3    1   
31683 3    1   
31707 3    1   
31728 3    1   
31749 3    1   
31768 3    1   
31790 3    1   
31809 3    1   
31831 3    1   
31852 3    1   
31873 3    1   
31892 3    1   
31913 3    1   
31932 3    1   
31951 3    1   
31975 3    1   
31995 3    1   
32014 3    1   
32033 3    1   
32055 3    1   
32074 3    1   
32095 3    1   
32115 3    1   
32136 3    1   
32157 3    1   
32178 3    1   
32199 3    1   
32219 3    1   
32241 3    1   
32262 3    1   
32283 3    1   
32302 3    1   
32323 3    1   
32344 3    1   
32365 3    1   
32387 3    1   
32409 3    1   
32431 0    1   
32449 0    1   
32467 0    1   
32486 0    0   
32505 0    0   
32525 0    0   
32545 0    0   
32564 0    0   
32583 0    0   
32602 0    0   
32621 0    0   
32640 0    0   
32659 0    0   
32678 0    0   
32697 0    0   
32716 0    0   
32733 0    0   
32756 0    0   
32773 0    0   
32792 0    0   
32809 0    0   
32828 0    0   
32845 0    0   
32864 0    0   
32883 0    0   
32902 0    0   
32921 0    0   
32942 0    0   
32959 0    0   
32980 0    0   
32999 0    0   
33019 0    0   
33039 0    0   
33058 0    0   
33077 0    0   
33094 0    0   
33112 0    0   
33131 0    0   
33148 0    0   
33165 0    0   
33186 0    0   
33203 0    0   
33222 0    0   
33241 0    0   
33260 0    0   
33279 0    0   
33298 0    0   
33315 0    0   
33334 0    0   
33353 0    0   
33372 0    0   
33389 0    0   
33408 0    0   
33428 0    0   
33450 0    0   
33467 0    0   
33488 0    0   
33507 0    0   
33526 0    0   
33545 0    0   
33564 0    0   
33583 0    0   
33600 0    0   
33619 0    0   
33638 0    0   
33655 0    0   
33674 0    0   
33691 0    0   
33711 0    0   
33730 0    0   
33749 0    0   
33768 0    0   
33787 0    0   
33806 0    0   
33823 0    0   
33842 0    0   
33859 0    0   
33878 0    0   
33897 0    0   
33914 0    0   
33935 0    0   
33954 0    0   
33971 0    0   
33990 0    0   
34007 0    0   
34026 0    0   
34045 0    0   
34064 0    0   
34081 0    0   
34100 0    0   
34119 0    0   
34136 0    0   
34155 0    0   
34175 0    0   
34192 0    0   
34213 0    0   
34232 0    0   
34252 0    0   
34274 0    0   
34293 0    0   
34312 0    0   
34334 0    0   
34354 0    0   
34376 0    0   
34395 0    0   
34414 0    0   
34431 0    0   
34451 0    0   
34468 0    0   
34485 0    0   
34503 0    0   
34524 0    0   
34541 0    0   
34560 0    0   
34579 0    0   
34598 0    0   
34617 0    0   
34636 0    0   
34655 0    0   
34672 0    0   
34691 0    0   
34708 0    0   
34727 0    0   
34744 0    0   
34761 0    0   
34780 0    0   
34799 0    0   
34820 0    0   
34837 0    0   
34858 0    0   
34875 0    0   
34893 0    0   
34912 0    0   
34931 0    0   
34950 0    0   
34969 0    0   
34987 0    0   
35009 0    0   
35028 0    0   
35045 0    0   
35066 0    0   
35085 0    0   
35106 0    0   
35125 0    0   
35144 0    0   
35163 0    0   
35182 0    0   
35201 0    0   
35220 0    0   
35237 0    0   
35256 0    0   
35275 0    0   
35295 0    0   
35313 0    0   
35334 0    0   
35351 0    0   
35370 0    0   
35390 0    0   
35411 0    0   
35430 0    0   
35449 0    0   
35466 0    0   
35485 0    0   
35504 0    0   
35521 0    0   
35542 0    0   
35559 0    0   
35578 0    0   
35597 0    0   
35616 0    0   
35634 0    0   
35653 0    0   
35674 0    0   
35691 0    0   
35710 0    0   
35729 0    0   
35748 0    0   
35767 0    0   
35784 0    0   
35803 0    0   
35822 0    0   
35842 0    0   
35860 0    0   
35877 0    0   
35897 0    0   
35916 0    0   
35935 0    0   
35953 0    0   
35974 0    0   
35993 0    0   
36012 0    0   
36029 0    0   
36046 0    0   
36064 0    0   
36083 0    0   
36100 0    0   
36118 0    0   
36136 0    0   
36152 0    0   
36170 0    0   
36188 0    0   
36207 0    0   
36225 0    0   
36241 0    0   
36259 0    0   
36275 0    0   
36293 0    0   
36314 0    0   
36335 0    0   
36373 0    0   
36392 0    0   
36412 4    0   
36429 4    0   
36448 4    0   
36471 4    0   
36490 4    0   
36510 4    0   
36527 4    0   
36548 4    0   
36565 4    0   
36584 4    0   
36603 4    0   
36622 4    0   
36641 4    0   
36660 4    0   
36679 4    0   
36698 4    0   
36719 4    0   
36738 4    0   
36758 4    0   
36779 4    0   
36802 4    0   
36823 4    0   
36844 4    0   
36865 4    0   
36886 4    0   
36907 4    0   
36927 4    0   
36948 4    0   
36966 4    0   
36986 4    0   
37005 4    0   
37026 4    0   
37045 4    0   
37066 4    0   
37083 4    0   
37102 4    0   
37121 4    0   
37140 4    0   
37161 4    0   
37181 4    0   
37202 4    0   
37219 4    0   
37240 4    0   
37259 4    0   
37280 4    0   
37297 4    0   
37316 4    0   
37336 4    0   
37358 4    0   
37379 4    0   
37401 4    0   
37422 4    0   
37443 4    0   
37464 4    0   
37487 4    0   
37507 4    0   
37528 4    0   
37545 4    0   
37566 4    0   
37583 4    0   
37602 4    0   
37622 4    0   
37640 4    0   
37659 4    0   
37678 4    0   
37697 4    0   
37717 4    0   
37736 4    0   
37755 4    0   
37772 4    0   
37790 4    0   
37810 4    0   
37830 4    0   
37851 4    0   
37868 4    0   
37887 4    0   
37908 4    0   
37927 4    0   
37946 4    0   
37965 4    0   
37984 4    0   
38001 4    0   
38022 4    0   
38039 4    0   
38058 4    0   
38077 4    0   
38096 4    0   
38115 4    0   
38136 4    0   
38155 4    0   
38174 4    0   
38193 4    0   
38212 4    0   
38232 4    0   
38255 4    0   
38274 4    0   
38294 4    0   
38313 4    0   
38332 4    0   
38352 4    0   
38371 4    0   
38390 4    0   
38409 4    0   
38426 4    0   
38444 4    0   
38466 4    0   
38492 4    0   
38515 4    0   
38536 4    0   
38557 4    0   
38578 4    0   
38598 4    0   
38621 4    0   
38640 4    0   
38662 4    0   
38683 4    0   
38704 4    0   
38725 4    0   
38746 4    0   
38769 4    0   
38790 4    0   
38810 4    0   
38832 4    0   
38849 4    0   
38868 4    0   
38889 4    0   
38908 4    0   
38927 4    0   
38946 4    0   
38965 4    0   
38982 4    0   
39001 4    0   
39020 4    0   
39039 4    0   
39060 4    0   
39079 4    0   
39098 4    0   
39117 4    0   
39136 4    0   
39155 4    0   
39174 4    0   
39192 4    0   
39214 4    0   
39235 4    0   
39255 4    0   
39276 4    0   
39297 4    0   
39318 4    0   
39341 4    0   
39382 4    0   
39403 4    0   
39425 4    0   
39445 4    0   
39464 4    0   
39483 4    0   
39502 4    0   
39523 4    0   
39542 4    0   
39561 4    0   
39580 4    0   
39599 4    0   
39618 4    0   
39637 4    0   
39656 4    0   
39674 4    0   
39693 4    0   
39712 4    0   
39731 4    0   
39749 4    0   
39768 4    0   
39787 4    0   
39806 4    0   
39824 4    0   
39843 4    0   
39864 4    0   
39883 4    0   
39903 4    0   
39920 4    0   
39939 4    0   
39960 4    0   
39979 4    0   
39996 4    0   
40016 4    0   
40035 4    0   
40054 4    0   
40071 4    0   
40092 4    0   
40109 4    0   
40129 4    0   
40154 4    0   
40175 4    0   
40196 4    0   
40218 4    0   
40240 4    0   
40259 4    0   
40282 4    0   
40302 4    0   
40323 4    0   
40344 4    0   
40367 4    0   
40388 4    0   
40411 4    0   
40432 4    0   
40453 4    0   
40474 4    0   
40495 4    0   
40517 2    0   
40542 2    0   
40562 2    0   
40587 2    1   
40609 2    1   
40628 2    1   
40648 2    1   
40687 2    1   
40704 2    1   
40727 2    1   
40749 2    1   
40772 2    1   
40792 2    1   
40812 2    1   
40831 2    1   
40848 2    1   
40867 2    1   
40887 2    1   
40909 2    1   
40928 2    1   
40947 2    1   
40966 2    1   
40985 2    1   
41002 2    1   
41023 2    1   
41042 2    1   
41078 2    1   
41094 2    1   
41110 2    1   
41126 2    1   
41142 2    1   
41158 2    1   
41174 2    1   
41190 2    1   
41206 2    1   
41220 2    1   
41238 2    1   
41254 2    1   
41269 2    1   
41287 2    1   
41303 2    1   
41323 2    1   
41340 2    1   
41359 2    1   
41376 2    1   
41395 2    1   
41414 2    1   
41431 2    1   
41450 2    1   
41467 2    1   
41490 2    1   
41509 2    1   
41530 2    1   
41551 2    1   
41570 2    1   
41591 2    1   
41612 2    1   
41633 2    1   
41654 2    1   
41675 2    1   
41696 2    1   
41717 2    1   
41736 2    1   
41759 2    1   
41779 2    1   
41797 2    1   
41816 2    1   
41830 2    1   
41846 2    1   
41862 2    1   
41878 2    1   
41894 2    1   
41911 2    1   
41929 2    1   
41946 2    1   
41965 2    1   
41984 2    1   
42001 2    1   
42022 2    1   
42039 2    1   
42060 2    1   
42081 2    1   
42102 2    1   
42123 2    1   
42144 2    1   
42165 2    1   
42186 2    1   
42207 2    1   
42228 2    1   
42247 2    1   
42268 2    1   
42292 2    1   
42310 2    1   
42325 2    1   
42343 2    1   
42357 2    1   
42373 2    1   
42389 2    1   
42403 2    1   
42419 2    1   
42435 2    1   
42451 2    1   
42468 2    1   
42488 2    1   
42502 2    1   
42516 2    1   
42532 2    1   
42546 2    1   
42564 2    1   
42580 2    1   
42596 2    1   
42613 2    1   
42630 2    1   
42647 2    1   
42663 2    1   
42681 2    1   
42698 2    1   
42715 2    1   
42735 2    1   
42752 2    1   
42771 2    1   
42788 2    1   
42805 2    1   
42824 2    1   
42841 2    1   
42858 2    1   
42875 2    1   
42892 2    1   
42913 2    1   
42932 2    1   
42953 2    1   
42974 2    1   
42997 2    1   
43016 2    1   
43037 2    1   
43057 2    1   
43075 2    1   
43091 2    1   
43105 2    1   
43121 2    1   
43137 2    1   
43153 2    1   
43169 2    1   
43185 2    1   
43202 2    1   
43221 2    1   
43240 2    1   
43259 2    1   
43278 2    1   
43295 2    1   
43314 2    1   
43331 2    1   
43348 2    1   
43369 2    1   
43386 2    1   
43405 2    1   
43422 2    1   
43441 2    1   
43460 2    1   
43479 2    1   
43498 2    1   
43515 2    1   
43534 2    1   
43551 2    1   
43570 2    1   
43587 2    1   
43606 2    1   
43626 2    1   
43646 2    1   
43665 2    1   
43684 2    1   
43701 2    1   
43720 2    1   
43741 2    1   
43758 2    1   
43777 2    1   
43796 2    1   
43817 2    1   
43838 2    1   
43858 2    1   
43879 2    1   
43900 2    1   
43919 2    1   
43940 2    1   
43962 2    1   
43983 2    1   
44006 2    1   
44025 2    1   
44044 2    1   
44068 2    1   
44086 2    1   
44103 2    1   
44117 2    1   
44133 2    1   
44149 2    1   
44165 2    1   
44179 2    1   
44195 2    1   
44210 2    1   
44228 2    1   
44243 2    1   
44259 2    1   
44273 2    1   
44289 2    1   
44305 2    1   
44321 2    1   
44337 2    1   
44353 2    1   
44369 2    1   
44386 2    1   
44404 2    1   
44420 2    1   
44438 2    1   
44456 2    1   
44473 2    1   
44494 2    1   
44511 2    1   
44530 2    1   
44548 2    1   
44566 2    1   
44585 2    1   
44604 2    1   
44626 2    1   
44645 2    1   
44666 2    1   
44687 2    1   
44711 2    1   
44728 2    1   
44749 2    1   
44766 2    1   
44789 2    1   
44808 2    1   
44825 2    1   
44846 2    1   
44865 2    1   
44884 2    1   
44903 2    1   
44922 2    1   
44939 2    1   
44958 2    1   
44976 2    1   
44995 2    1   
45014 2    1   
45033 2    1   
45052 2    1   
45071 2    1   
45090 2    1   
45107 2    1   
45128 2    1   
45147 2    1   
45165 2    1   
45181 2    1   
45197 2    1   
45213 2    1   
45229 2    1   
45244 2    1   
45260 2    1   
45276 2    1   
45292 2    1   
45308 2    1   
45325 2    1   
45340 2    1   
45355 2    1   
45374 2    1   
45393 2    1   
45408 2    1   
45427 2    1   
45445 2    1   
45463 2    1   
45480 2    1   
45499 2    1   
45520 2    1   
45537 2    1   
45556 2    1   
45575 2    1   
45594 2    1   
45611 2    1   
45630 2    1   
45647 2    1   
45668 2    1   
45687 2    1   
45704 2    1   
45723 2    1   
45744 2    1   
45763 2    1   
45787 2    1   
45804 2    1   
45823 2    1   
45842 2    1   
45861 2    1   
45878 2    1   
45897 2    1   
45914 2    1   
45933 2    1   
45953 2    1   
45972 2    1   
45989 2    1   
46008 2    1   
46026 2    1   
46042 2    1   
46058 2    1   
46074 2    1   
46090 2    1   
46106 2    1   
46122 2    1   
46137 2    1   
46152 2    1   
46168 2    1   
46184 2    1   
46200 2    1   
46218 2    1   
46234 2    1   
46250 2    1   
46264 2    1   
46280 2    1   
46296 2    1   
46312 2    1   
46328 2    1   
46344 2    1   
46358 2    1   
46374 2    1   
46388 2    1   
46404 2    1   
46419 2    1   
46435 2    1   
46452 2    1   
46467 2    1   
46486 2    1   
46503 2    1   
46522 2    1   
46538 2    1   
46558 2    1   
46573 2    1   
46592 2    1   
46613 2    1   
46632 2    1   
46651 2    1   
46668 2    1   
46689 2    1   
46708 2    1   
46728 2    1   
46750 2    1   
46771 2    1   
46792 2    1   
46813 2    1   
46834 2    1   
46855 2    1   
46874 2    1   
46896 2    1   
46912 2    1   
46929 2    1   
46945 2    1   
46961 2    1   
46977 2    1   
46993 2    1   
47009 2    1   
47025 2    1   
47041 2    1   
47057 2    1   
47071 2    1   
47090 2    1   
47104 2    1   
47120 2    1   
47136 2    1   
47152 2    1   
47168 2    1   
47182 2    1   
47200 2    1   
47216 2    1   
47233 2    1   
47250 2    1   
47267 2    1   
47282 2    1   
47300 2    1   
47314 2    1   
47333 2    1   
47348 2    1   
47366 2    1   
47384 2    1   
47401 2    1   
47420 2    1   
47439 2    1   
47459 2    1   
47476 2    1   
47493 2    1   
47512 2    1   
47533 2    1   
47554 2    1   
47575 2    1   
47596 2    1   
47615 2    1   
47636 2    1   
47657 2    1   
47679 2    1   
47696 2    1   
47715 2    1   
47732 2    1   
47753 2    1   
47770 2    1   
47789 2    1   
47808 2    1   
47827 2    1   
47844 2    1   
47862 2    1   
47881 2    1   
47900 2    1   
47919 2    1   
47937 2    1   
47956 2    1   
47973 2    1   
47992 2    1   
48012 2    1   
48032 2    1   
48049 2    1   
48070 2    1   
48092 2    1   
48109 2    1   
48128 2    1   
48147 2    1   
48166 2    1   
48185 2    1   
48203 2    1   
48224 2    1   
48241 2    1   
48260 2    1   
48278 2    1   
48295 2    1   
48316 2    1   
48335 2    1   
48354 2    1   
48373 2    1   
48392 2    1   
48411 0    1   
48429 0    1   
48447 0    1   
48466 0    0   
48487 0    0   
48506 0    0   
48527 0    0   
48549 0    0   
48569 0    0   
48588 0    0   
48625 0    0   
48644 0    0   
48663 0    0   
48682 0    0   
48701 0    0   
48720 0    0   
48739 0    0   
48756 0    0   
48776 0    0   
48793 0    0   
48814 0    0   
48834 0    0   
48851 0    0   
48870 0    0   
48889 0    0   
48908 0    0   
48925 0    0   
48943 0    0   
48962 0    0   
48979 0    0   
48998 0    0   
49017 0    0   
49036 0    0   
49057 0    0   
49074 0    0   
49093 0    0   
49110 0    0   
49130 0    0   
49147 0    0   
49166 0    0   
49183 0    0   
49202 0    0   
49219 0    0   
49238 0    0   
49258 0    0   
49277 0    0   
49296 0    0   
49315 0    0   
49334 0    0   
49351 0    0   
49370 0    0   
49387 0    0   
49406 0    0   
49423 0    0   
49444 0    0   
49462 0    0   
49481 0    0   
49498 0    0   
49516 0    0   
49537 0    0   
49554 0    0   
49573 0    0   
49592 0    0   
49612 0    0   
49630 0    0   
49649 0    0   
49668 0    0   
49687 0    0   
49704 0    0   
49723 0    0   
49740 0    0   
49759 0    0   
49778 0    0   
49799 0    0   
49816 0    0   
49833 0    0   
49853 0    0   
49872 0    0   
49891 0    0   
49910 0    0   
49927 0    0   
49946 0    0   
49963 0    0   
49982 0    0   
50000 0    0   
50017 0    0   
50038 0    0   
50057 0    0   
50076 0    0   
50095 0    0   
50114 0    0   
50133 0    0   
50152 0    0   
50171 0    0   
50190 0    0   
50208 0    0   
50225 0    0   
50262 0    0   
50281 0    0   
50298 0    0   
50315 0    0   
50336 0    0   
50355 0    0   
50373 0    0   
50392 0    0   
50411 0    0   
50430 0    0   
50447 0    0   
50466 0    0   
50483 0    0   
50502 0    0   
50519 0    0   
50536 0    0   
50555 0    0   
50572 0    0   
50591 0    0   
50608 0    0   
50629 0    0   
50648 0    0   
50667 0    0   
50686 0    0   
50705 0    0   
50723 0    0   
50742 0    0   
50759 0    0   
50778 0    0   
50795 0    0   
50814 0    0   
50832 0    0   
50850 0    0   
50869 0    0   
50888 0    0   
50905 0    0   
50924 0    0   
50943 0    0   
50964 0    0   
50981 0    0   
51000 0    0   
51017 0    0   
51036 0    0   
51053 0    0   
51072 0    0   
51089 0    0   
51108 0    0   
51127 0    0   
51146 0    0   
51167 0    0   
51186 0    0   
51205 0    0   
51222 0    0   
51243 0    0   
51262 0    0   
51281 0    0   
51300 0    0   
51319 0    0   
51336 0    0   
51355 0    0   
51372 0    0   
51392 0    0   
51414 0    0   
51432 0    0   
51451 0    0   
51468 0    0   
51488 0    0   
51507 0    0   
51526 0    0   
51544 0    0   
51563 0    0   
51580 0    0   
51599 0    0   
51617 0    0   
51638 0    0   
51657 0    0   
51676 0    0   
51696 0    0   
51716 0    0   
51733 0    0   
51753 0    0   
51772 0    0   
51791 0    0   
51808 0    0   
51825 0    0   
51844 0    0   
51863 0    0   
51882 0    0   
51901 0    0   
51918 0    0   
51937 0    0   
51954 0    0   
51973 0    0   
51992 0    0   
52011 0    0   
52028 0    0   
52045 0    0   
52064 0    0   
52083 0    0   
52103 0    0   
52124 0    0   
52143 0    0   
52160 0    0   
52179 0    0   
52196 0    0   
52213 0    0   
52234 0    0   
52253 0    0   
52270 0    0   
52289 0    0   
52308 0    0   
52325 0    0   
52344 0    0   
52364 0    0   
52383 0    0   
52400 0    0   
52419 0    1   
52438 0    1   
52454 0    1   
52472 0    1   
52490 0    1   
52506 0    1   
52524 0    1   
52540 0    1   
52559 0    1   
52576 0    1   
52595 0    1   
52612 0    1   
52631 0    1   
52650 0    1   
52667 0    1   
52684 0    1   
52704 0    1   
52723 0    1   
52741 0    1   
52757 0    1   
52775 0    1   
52791 0    1   
52809 0    1   
52825 0    1   
52843 0    1   
52859 0    1   
52879 0    1   
52897 0    1   
52913 0    1   
52931 0    1   
52949 0    1   
52967 0    1   
52985 0    1   
53001 0    1   
53019 0    1   
53038 0    1   
53057 0    1   
53075 0    1   
53091 0    1   
53109 0    1   
53127 0    1   
53143 0    1   
53165 0    1   
53183 0    1   
53202 0    1   
53218 0    1   
53237 0    1   
53254 0    1   
53273 0    1   
53290 0    1   
53309 0    1   
53327 0    1   
53348 0    1   
53364 0    1   
53383 0    1   
53400 0    1   
53418 0    1   
53435 0    1   
53451 0    1   
53467 0    1   
53487 0    1   
53503 0    1   
53522 0    1   
53540 0    1   
53558 0    1   
53576 0    1   
53594 0    1   
53610 0    1   
53628 0    1   
53644 0    1   
53664 0    1   
53682 0    1   
53700 0    1   
53716 0    1   
53734 0    1   
53751 0    1   
53769 0    1   
53787 0    1   
53805 0    1   
53823 0    1   
53839 0    1   
53857 0    1   
53873 0    1   
53892 0    1   
53910 0    1   
53932 0    1   
53948 0    1   
53966 0    1   
53984 0    1   
54002 0    1   
54020 0    1   
54036 0    1   
54054 0    1   
54070 0    1   
54088 0    1   
54108 0    1   
54124 0    1   
54142 0    1   
54158 0    1   
54176 0    1   
54193 0    1   
54211 0    1   
54229 0    1   
54247 0    1   
54265 0    1   
54282 0    1   
54302 0    1   
54318 0    1   
54336 0    1   
54352 0    1   
54370 0    1   
54386 0    1   
54406 0    1   
54424 0    1   
54444 0    1   
54460 0    1   
54480 0    1   
54496 0    1   
54514 0    1   
54532 0    1   
54550 0    1   
54566 0    1   
54584 0    1   
54602 0    1   
54620 0    1   
54638 0    1   
54654 0    1   
54674 0    1   
54692 0    1   
54710 0    1   
54730 0    1   
54746 0    1   
54765 0    1   
54781 0    1   
54799 0    1   
54815 0    1   
54834 0    1   
54850 0    1   
54868 0    1   
54886 0    1   
54904 0    1   
54922 0    1   
54940 0    1   
54957 0    1   
54974 0    1   
54992 0    1   
55010 0    1   
55028 0    1   
55046 0    1   
55064 0    1   
55080 0    1   
55098 0    1   
55116 0    1   
55133 0    1   
55152 0    1   
55170 0    1   
55188 0    1   
55206 0    1   
55224 0    1   
55244 0    1   
55262 0    1   
55280 0    1   
55296 0    1   
55312 0    1   
55330 0    1   
55349 0    1   
55369 0    1   
55385 0    1   
55403 0    1   
55421 0    1   
55439 0    1   
55457 0    1   
55475 0    1   
55493 0    1   
55511 0    1   
55529 0    1   
55547 0    1   
55565 0    1   
55583 0    1   
55599 0    1   
55617 0    1   
55633 0    1   
55651 0    1   
55667 0    1   
55687 0    1   
55705 0    1   
55723 0    1   
55741 0    1   
55759 0    1   
55777 0    1   
55793 0    1   
55811 0    1   
55827 0    1   
55845 0    1   
55865 0    1   
55881 0    1   
55900 0    1   
55919 0    1   
55937 0    1   
55953 0    1   
55973 0    1   
55991 0    1   
56010 0    1   
56028 0    1   
56046 0    1   
56064 0    1   
56082 0    1   
56100 0    1   
56118 0    1   
56136 0    1   
56156 0    1   
56175 4    1   
56194 4    1   
56212 4    1   
56233 4    0   
56252 4    0   
56272 4    0   
56295 4    0   
56316 4    0   
56339 4    0   
56360 4    0   
56381 4    0   
56402 4    0   
56423 4    0   
56443 4    0   
56463 4    0   
56484 4    0   
56505 4    0   
56525 4    0   
56545 4    0   
56564 4    0   
56583 4    0   
56603 4    0   
56622 4    0   
56643 4    0   
56660 4    0   
56679 4    0   
56700 4    0   
56719 4    0   
56738 4    0   
56757 4    0   
56776 4    0   
56795 4    0   
56814 4    0   
56838 4    0   
56859 4    0   
56881 4    0   
56902 4    0   
56923 4    0   
56941 4    0   
56961 4    0   
56980 4    0   
56999 4    0   
57018 4    0   
57037 4    0   
57058 4    0   
57077 4    0   
57096 4    0   
57115 4    0   
57134 4    0   
57155 4    0   
57174 4    0   
57193 4    0   
57212 4    0   
57231 4    0   
57251 4    0   
57278 4    0   
57297 4    0   
57318 4    0   
57339 4    0   
57362 4    0   
57383 4    0   
57404 4    0   
57425 4    0   
57446 4    0   
57466 4    0   
57490 4    0   
57509 4    0   
57531 4    0   
57551 4    0   
57572 4    0   
57589 4    0   
57608 4    0   
57627 4    0   
57648 4    0   
57667 4    0   
57686 4    0   
57705 4    0   
57726 4    0   
57744 4    0   
57765 4    0   
57784 4    0   
57803 4    0   
57822 4    0   
57839 4    0   
57858 4    0   
57877 4    0   
57896 4    0   
57915 4    0   
57934 4    0   
57955 4    0   
57972 4    0   
57993 4    0   
58012 4    0   
58031 4    0   
58050 4    0   
58069 4    0   
58088 4    0   
58107 4    0   
58125 4    0   
58145 4    0   
58164 4    0   
58187 4    0   
58204 4    0   
58223 4    0   
58240 4    0   
58259 4    0   
58276 4    0   
58295 4    0   
58314 4    0   
58333 4    0   
58354 4    0   
58373 4    0   
58392 4    0   
58411 4    0   
58431 4    0   
58450 4    0   
58469 4    0   
58489 4    0   
58528 4    0   
58547 4    0   
58566 4    0   
58585 4    0   
58605 4    0   
58626 4    0   
58647 4    0   
58667 4    0   
58688 4    0   
58705 4    0   
58725 4    0   
58742 4    0   
58761 4    0   
58778 4    0   
58799 4    0   
58816 4    0   
58835 4    0   
58854 4    0   
58873 4    0   
58892 4    0   
58911 4    0   
58930 4    0   
58947 4    0   
58966 4    0   
58985 4    0   
59004 4    0   
59021 4    0   
59042 4    0   
59062 4    0   
59085 4    0   
59106 4    0   
59129 4    0   
59148 4    0   
59169 4    0   
59192 4    0   
59212 4    0   
59233 4    0   
59256 4    0   
59277 4    0   
59298 4    0   
59319 4    0   
59338 4    0   
59358 4    0   
59378 4    0   
59397 4    0   
59414 4    0   
59431 4    0   
59450 4    0   
59467 4    0   
59488 4    0   
59505 4    0   
59526 4    0   
59544 4    0   
59569 4    0   
59587 4    0   
59608 4    0   
59627 4    0   
59646 4    0   
59665 4    0   
59684 4    0   
59703 4    0   
59722 4    0   
59739 4    0   
59758 4    0   
59776 4    0   
59800 4    0   
59818 4    0   
59838 4    0   
59857 4    0   
59876 4    0   
59897 4    0   
59916 4    0   
59935 4    0   
59954 4    0   
59973 4    0   
59994 4    0   
60013 4    0   
60032 4    0   
60051 4    0   
60072 4    0   
60091 4    0   
60112 4    0   
60129 4    0   
60150 4    0   
60169 4    0   
60190 4    0   
60207 4    0   
60226 4    0   
60245 4    0   
60266 4    0   
60283 4    0   
60300 4    0   
60319 4    0   
60341 4    0   
60360 4    0   
60381 4    0   
60400 4    0   
60417 4    0   
60437 4    0   
60454 4    0   
60491 4    0   
60511 4    0   
60529 4    0   
60551 4    0   
60574 4    0   
60597 4    0   
60618 4    0   
60639 4    0   
60660 4    0   
60681 4    0   
60702 4    0   
60723 4    0   
60746 4    0   
60767 4    0   
60788 4    0   
60809 4    0   
60832 4    0   
60851 4    0   
60872 4    0   
60893 4    0   
60916 4    0   
60937 4    0   
60956 4    0   
60978 4    0   
60997 4    0   
61017 4    0   
61036 4    0   
61053 4    0   
61074 4    0   
61093 4    0   
61112 4    0   
61130 4    0   
61149 4    0   
61165 4    0   
61184 4    0   
61201 4    0   
61220 4    0   
61239 4    0   
61258 4    0   
61278 4    0   
61301 4    0   
61323 4    0   
61342 4    0   
61365 4    0   
61384 4    0   
61407 4    0   
61426 4    0   
61447 4    0   
61470 4    0   
61491 4    0   
61514 4    0   
61533 4    0   
61556 4    0   
61577 4    0   
61598 4    0   
61619 4    0   
61638 4    0   
61660 4    0   
61677 4    0   
61698 4    0   
61715 4    0   
61735 4    0   
61754 4    0   
61775 4    0   
61792 4    0   
61811 4    0   
61831 4    0   
61851 4    0   
61870 4    0   
61888 4    0   
61909 4    0   
61928 4    0   
61949 4    0   
61966 4    0   
61985 4    0   
62006 4    0   
62029 4    0   
62052 4    0   
62071 4    0   
62094 4    0   
62113 4    0   
62136 4    0   
62155 4    0   
62174 4    0   
62193 4    0   
62216 4    0   
62235 4    0   
62256 4    0   
62278 4    0   
62296 4    0   
62317 4    0   
62334 4    0   
62355 4    0   
62372 4    0   
62392 4    0   
62409 4    0   
62429 4    0   
62446 4    0   
62465 4    0   
62487 4    0   
62504 4    0   
62523 4    0   
62545 4    0   
62564 4    0   
62585 4    0   
62602 4    0   
62623 4    0   
62640 4    0   
62661 4    0   
62680 4    0   
62697 4    0   
62716 4    0   
62734 4    0   
62753 4    0   
62771 4    0   
62790 4    0   
62809 4    0   
62828 4    0   
62847 4    0   
62865 4    0   
62887 4    0   
62906 4    0   
62929 4    0   
62947 4    0   
62970 4    0   
62991 4    0   
63012 4    0   
63033 4    0   
63053 4    0   
63072 4    0   
63093 4    0   
63115 4    0   
63136 4    0   
63157 4    0   
63178 4    0   
63199 4    0   
63220 4    0   
63239 4    0   
63258 4    0   
63277 4    0   
63295 4    0   
63315 4    0   
63332 4    0   
63349 4    0   
63367 4    0   
63384 4    0   
63403 4    0   
63420 4    0   
63437 4    0   
63454 4    0   
63473 4    0   
63490 4    0   
63507 4    0   
63524 4    0   
63541 4    0   
63561 4    0   
63582 4    0   
63601 4    0   
63620 4    0   
63639 4    0   
63660 4    0   
63679 4    0   
63698 4    0   
63717 4    0   
63738 4    0   
63757 4    0   
63776 4    0   
63795 4    0   
63814 4    0   
63835 4    0   
63853 4    0   
63871 4    0   
63888 4    0   
63905 4    0   
63924 4    0   
63941 4    0   
63958 4    0   
63975 4    0   
63994 4    0   
64012 4    0   
64031 4    0   
64050 4    0   
64069 4    0   
64088 4    0   
64108 4    0   
64131 4    0   
64151 4    0   
64172 4    0   
64196 4    0   
64217 4    0   
64240 4    0   
64261 4    0   
64283 4    0   
64302 4    0   
64319 4    0   
64338 4    0   
64357 4    0   
64378 4    0   
64397 4    0   
64418 4    0   
64437 4    0   
64459 1    0   
64480 1    0   
64498 1    0   
64518 1    0   
64541 1    0   
64581 1    0   
64603 1    0   
64622 1    0   
64645 1    0   
64668 1    0   
64689 1    0   
64707 1    0   
64729 1    0   
64747 1    0   
64765 1    0   
64785 1    0   
64803 1    0   
64822 1    0   
64842 1    0   
64861 1    0   
64882 1    0   
64902 1    0   
64922 1    0   
64943 1    0   
64961 1    0   
64983 1    0   
65004 1    0   
65024 1    0   
65044 1    0   
65065 1    0   
65086 1    0   
65105 1    0   
65126 1    0   
65144 1    0   
65164 1    0   
65183 1    0   
65204 1    0   
65222 1    0   
65245 1    0   
65264 1    0   
65285 1    0   
65306 1    0   
65326 1    0   
65347 1    0   
65368 1    0   
65387 1    0   
65408 1    0   
65429 1    0   
65448 1    0   
65468 1    0   
65487 1    0   
65508 1    0   
65529 1    0   
65548 1    0   
65571 1    0   
65590 1    0   
65611 1    0   
65631 1    0   
65652 1    0   
65673 1    0   
65692 1    0   
65713 1    0   
65732 1    0   
65753 1    0   
65772 1    0   
65793 1    0   
65812 1    0   
65833 1    0   
65851 1    0   
65873 1    0   
65891 1    0   
65912 1    0   
65933 1    0   
65954 1    0   
65974 1    0   
65996 1    0   
66016 1    0   
66035 1    0   
66055 1    0   
66076 1    0   
66095 1    0   
66115 1    0   
66134 1    0   
66156 1    0   
66174 1    0   
66194 1    0   
66214 1    0   
66232 1    0   
66250 1    0   
66269 1    0   
66289 1    0   
66308 1    0   
66327 1    0   
66347 1    0   
66368 1    0   
66387 1    0   
66408 1    0   
66426 1    0   
66449 1    0   
66468 1    0   
66489 1    0   
66508 1    0   
66533 1    0   
66552 1    0   
66572 1    0   
66590 1    0   
66608 1    0   
66630 1    0   
66649 1    0   
66670 1    0   
66688 1    0   
66709 1    0   
66727 1    0   
66750 1    0   
66769 1    0   
66790 1    0   
66811 1    0   
66831 1    0   
66851 1    0   
66874 1    0   
66892 1    0   
66914 1    0   
66932 1    0   
66952 1    0   
66970 1    0   
66990 1    0   
67008 1    0   
67028 1    0   
67046 1    0   
67068 1    0   
67086 1    0   
67126 1    0   
67145 1    0   
67164 1    0   
67185 1    0   
67204 1    0   
67224 1    0   
67243 1    0   
67264 1    0   
67282 1    0   
67302 1    0   
67320 1    0   
67340 1    0   
67362 1    0   
67382 1    0   
67402 1    0   
67422 1    0   
67442 1    0   
67460 1    0   
67482 1    0   
67500 1    0   
67520 1    0   
67538 1    0   
67559 1    0   
67578 1    0   
67599 1    0   
67618 1    0   
67641 1    0   
67660 1    0   
67681 1    0   
67699 1    0   
67721 1    0   
67739 1    0   
67757 1    0   
67776 1    0   
67798 1    0   
67818 1    0   
67838 1    0   
67856 1    0   
67876 1    0   
67895 1    0   
67914 1    0   
67937 1    0   
67957 1    0   
67975 1    0   
67994 1    0   
68014 1    0   
68032 1    0   
68050 1    0   
68068 1    0   
68088 1    0   
68107 1    0   
68126 1    0   
68144 1    0   
68162 1    0   
68183 1    0   
68202 1    0   
68221 1    0   
68240 1    0   
68261 1    0   
68279 1    0   
68297 1    0   
68320 1    0   
68338 1    0   
68358 1    0   
68378 1    0   
68397 1    0   
68418 1    0   
68438 1    0   
68456 1    0   
68477 1    0   
68498 1    0   
68517 1    0   
68537 1    0   
68556 1    0   
68576 1    0   
68599 1    0   
68620 1    0   
68640 1    0   
68661 1    0   
68680 1    0   
68701 1    0   
68720 1    0   
68741 1    0   
68759 1    0   
68781 1    0   
68800 1    0   
68819 1    0   
68840 1    0   
68861 1    0   
68880 1    0   
68902 1    0   
68920 1    0   
68940 1    0   
68958 1    0   
68978 1    0   
68997 1    0   
69017 1    0   
69039 1    0   
69058 1    0   
69079 1    0   
69101 1    0   
69119 1    0   
69140 1    0   
69160 1    0   
69178 1    0   
69196 1    0   
69216 1    0   
69235 1    0   
69256 1    0   
69274 1    0   
69292 1    0   
69316 1    0   
69336 1    0   
69354 1    0   
69377 1    0   
69396 1    0   
69418 1    0   
69439 1    0   
69458 1    0   
69479 1    0   
69498 1    0   
69518 1    0   
69539 1    0   
69558 1    0   
69578 1    0   
69598 1    0   
69617 1    0   
69639 1    0   
69660 1    0   
69679 1    0   
69697 1    0   
69718 1    0   
69741 1    0   
69762 1    0   
69781 1    0   
69801 1    0   
69819 1    0   
69840 1    0   
69859 1    0   
69882 1    0   
69901 1    0   
69921 1    0   
69940 1    0   
69960 1    0   
69982 1    0   
70000 1    0   
70020 1    0   
70040 1    0   
70061 1    0   
70082 1    0   
70101 1    0   
70122 1    0   
70141 1    0   
70162 1    0   
70180 1    0   
70201 1    0   
70220 1    0   
70243 1    0   
70264 1    0   
70286 1    0   
70304 1    0   
70324 1    0   
70342 1    0   
70364 1    0   
70382 1    0   
70403 1    0   
70424 1    0   
70443 1    0   
70463 1    0   
70483 1    0   
70502 1    0   
70523 1    0   
70542 1    0   
70560 1    0   
70580 1    0   
70598 1    0   
70616 1    0   
70634 1    0   
70653 1    0   
70671 1    0   
70691 1    0   
70709 1    0   
70727 1    0   
70745 1    0   
70765 1    0   
70783 1    0   
70801 1    0   
70819 1    0   
70837 1    0   
70857 1    0   
70875 1    0   
70893 1    0   
70911 1    0   
70929 1    0   
70947 1    0   
70965 1    0   
70983 1    0   
71001 1    0   
71022 1    0   
71040 1    0   
71059 1    0   
71078 1    0   
71099 1    0   
71117 1    0   
71135 1    0   
71153 1    0   
71171 1    0   
71192 1    0   
71210 1    0   
71228 1    0   
71246 1    0   
71264 1    0   
71283 1    0   
71301 1    0   
71319 1    0   
71337 1    0   
71356 1    0   
71376 1    0   
71394 1    0   
71412 1    0   
71430 1    0   
71449 1    0   
71468 1    0   
71486 1    0   
71504 1    0   
71524 1    0   
71543 1    0   
71561 1    0   
71580 1    0   
71599 1    0   
71620 1    0   
71639 1    0   
71658 1    0   
71679 1    0   
71702 1    0   
71723 1    0   
71742 1    0   
71765 1    0   
71783 1    0   
71804 1    0   
71825 1    0   
71843 1    0   
71863 1    0   
71883 1    0   
71905 1    0   
71926 1    0   
71945 1    0   
71965 1    0   
71985 1    0   
72007 1    0   
72025 1    0   
72047 1    0   
72065 1    0   
72085 1    0   
72105 1    0   
72123 1    0   
72143 1    0   
72163 1    0   
72183 1    0   
72206 1    0   
72224 1    0   
72245 1    0   
72263 1    0   
72283 1    0   
72303 1    0   
72324 1    0   
72344 1    0   
72365 1    0   
72386 1    0   
72404 1    0   
72425 1    0   
72444 1    0   
72465 1    0   
72486 1    0   
72508 1    0   
72526 1    0   
72544 1    0   
72566 1    0   
72585 1    0   
72605 1    0   
72626 1    0   
72647 1    0   
72666 1    0   
72685 1    0   
72704 1    0   
72727 1    0   
72748 1    0   
72788 1    0   
72809 1    0   
72829 1    0   
72848 1    0   
72867 1    0   
72887 1    0   
72906 1    0   
72925 1    0   
72947 1    0   
72967 1    0   
72987 1    0   
73008 1    0   
73028 1    0   
73049 1    0   
73067 1    0   
73087 1    0   
73109 1    0   
73129 1    0   
73147 1    0   
73167 1    0   
73189 1    0   
73209 1    0   
73229 1    0   
73247 1    0   
73268 1    0   
73289 1    0   
73310 1    0   
73333 1    0   
73354 1    0   
73372 1    0   
73395 1    0   
73416 1    0   
73437 1    0   
73458 1    0   
73477 1    0   
73502 1    0   
73521 1    0   
73542 1    0   
73563 1    0   
73581 1    0   
73599 1    0   
73619 1    0   
73639 1    0   
73658 1    0   
73681 1    0   
73702 1    0   
73722 1    0   
73741 1    0   
73763 1    0   
73781 1    0   
73799 1    0   
73819 1    0   
73841 1    0   
73861 1    0   
73881 1    0   
73899 1    0   
73919 1    0   
73939 1    0   
73959 1    0   
73978 1    0   
74001 1    0   
74021 1    0   
74040 1    0   
74063 1    0   
74081 1    0   
74104 1    0   
74123 1    0   
74144 1    0   
74165 1    0   
74184 1    0   
74205 1    0   
74223 1    0   
74243 1    0   
74264 1    0   
74286 1    0   
74305 1    0   
74326 1    0   
74344 1    0   
74364 1    0   
74383 1    0   
74403 1    0   
74423 1    0   
74443 1    0   
74462 1    0   
74483 1    0   
74504 1    0   
74524 1    0   
74543 1    0   
74565 1    0   
74586 1    0   
74604 1    0   
74625 1    0   
74645 1    0   
74663 1    0   
74685 1    0   
74704 1    0   
74727 1    0   
74748 1    0   
74767 1    0   
74788 1    0   
74807 1    0   
74827 1    0   
74847 1    0   
74865 1    0   
74885 1    0   
74908 1    0   
74926 1    0   
74946 1    0   
74964 1    0   
74982 1    0   
75003 1    0   
75025 1    0   
75044 1    0   
75065 1    0   
75086 1    0   
75106 1    0   
75125 1    0   
75145 1    0   
75165 1    0   
75185 1    0   
75203 1    0   
75225 1    0   
75244 1    0   
75264 1    0   
75283 1    0   
75303 1    0   
75323 1    0   
75341 1    0   
75361 1    0   
75381 1    0   
75401 1    0   
75419 1    0   
75439 1    0   
75460 1    0   
75479 1    0   
75499 1    0   
75520 1    0   
75539 1    0   
75561 1    0   
75581 1    0   
75601 1    0   
75621 1    0   
75643 1    0   
75661 1    0   
75680 1    0   
75700 1    0   
75718 1    0   
75738 1    0   
75758 1    0   
75776 1    0   
75796 1    0   
75818 1    0   
75841 1    0   
75861 1    0   
75881 1    0   
75901 1    0   
75919 1    0   
75939 1    0   
75957 1    0   
75977 1    0   
75995 1    0   
76018 1    0   
76037 1    0   
76058 1    0   
76079 1    0   
76102 1    0   
76121 1    0   
76161 1    0   
76182 1    0   
76201 1    0   
76222 1    0   
76241 1    0   
76262 1    0   
76281 1    0   
76301 1    0   
76324 1    0   
76342 1    0   
76362 1    0   
76381 1    0   
76402 1    0   
76423 1    0   
76442 1    0   
76461 1    0   
76482 1    0   
76502 1    0   
76523 1    0   
76543 1    0   
76563 1    0   
76582 1    0   
76601 1    0   
76623 1    0   
76641 1    0   
76662 1    0   
76683 1    0   
76701 1    0   
76721 1    0   
76744 1    0   
76764 1    0   
76784 1    0   
76804 1    0   
76825 1    0   
76844 1    0   
76865 1    0   
76885 1    0   
76905 1    0   
76923 1    0   
76942 1    0   
76963 1    0   
76983 1    0   
77024 1    0   
77043 1    0   
77063 1    0   
77084 1    0   
77105 1    0   
77125 1    0   
77146 1    0   
77167 1    0   
77188 1    0   
77207 1    0   
77228 1    0   
77250 1    0   
77270 1    0   
77288 1    0   
77306 1    0   
77329 1    0   
77347 1    0   
77367 1    0   
77386 1    0   
77409 1    0   
77427 1    0   
77447 1    0   
77467 1    0   
77488 1    0   
77507 1    0   
77527 1    0   
77550 1    0   
77570 1    0   
77591 1    0   
77614 1    0   
77632 1    0   
77655 1    0   
77673 1    0   
77694 1    0   
77714 1    0   
77733 1    0   
77754 1    0   
77775 1    0   
77798 1    0   
77816 1    0   
77836 1    0   
77858 1    0   
77876 1    0   
77895 1    0   
77917 1    0   
77935 1    0   
77955 1    0   
77975 1    0   
77995 1    0   
78013 1    0   
78033 1    0   
78053 1    0   
78073 1    0   
78091 1    0   
78113 1    0   
78132 1    0   
78154 1    0   
78175 1    0   
78195 1    0   
78216 1    0   
78236 1    0   
78255 1    0   
78274 1    0   
78297 1    0   
78317 1    0   
78336 1    0   
78357 1    0   
78377 1    0   
78395 1    0   
78415 1    0   
78437 1    0   
78455 1    0   
78475 1    0   
78495 1    0   
78515 1    0   
78533 1    0   
78553 1    0   
78573 1    0   
78594 1    0   
78615 1    0   
78634 1    0   
78655 1    0   
78676 1    0   
78694 1    0   
78714 1    0   
78737 1    0   
78755 1    0   
78774 1    0   
78794 1    0   
78814 1    0   
78832 1    0   
78852 1    0   
78873 1    0   
78894 1    0   
78913 1    0   
78934 1    0   
78954 1    0   
78972 1    0   
78994 1    0   
79014 1    0   
79033 1    0   
79054 1    0   
79077 1    0   
79096 1    0   
79118 1    0   
79137 1    0   
79158 1    0   
79179 1    0   
79200 1    0   
79221 1    0   
79241 1    0   
79261 1    0   
79279 1    0   
79300 1    0   
79320 1    0   
79340 1    0   
79361 1    0   
79382 1    0   
79421 1    0   
79439 1    0   
79460 1    0   
79479 1    0   
79499 1    0   
79519 1    0   
79539 1    0   
79557 1    0   
79578 1    0   
79599 1    0   
79617 1    0   
79636 1    0   
79657 1    0   
79675 1    0   
79697 1    0   
79718 1    0   
79738 1    0   
79759 1    0   
79778 1    0   
79797 1    0   
79818 1    0   
79841 1    0   
79862 1    0   
79883 1    0   
79902 1    0   
79923 1    0   
79944 1    0   
79967 1    0   
79988 1    0   
80007 1    0   
80028 1    0   
80049 1    0   
80070 1    0   
80089 1    0   
80110 1    0   
80131 1    0   
80152 1    0   
80172 1    0   
80192 1    0   
80210 1    0   
80229 1    0   
80249 1    0   
80268 1    0   
80286 1    0   
80307 1    0   
80328 1    0   
80349 1    0   
80370 1    0   
80388 1    0   
80410 1    0   
80429 1    0   
80452 1    0   
80472 1    0   
80493 1    0   
80514 1    0   
80535 1    0   
80553 1    0   
80573 1    0   
80595 1    0   
80615 1    0   
80651 1    0   
80669 1    0   
80690 1    0   
80708 1    0   
80731 1    0   
80752 1    0   
80770 1    0   
80795 1    0   
80816 1    0   
80836 1    0   
80854 1    0   
80874 1    0   
80894 1    0   
80914 1    0   
80932 1    0   
80952 1    0   
80970 1    0   
80990 1    0   
81010 1    0   
81030 1    0   
81050 1    0   
81070 1    0   
81090 1    0   
81110 1    0   
81131 1    0   
81151 1    0   
81172 1    0   
81191 1    0   
81212 1    0   
81233 1    0   
81254 1    0   
81273 1    0   
81293 1    0   
81313 1    0   
81333 1    0   
81351 1    0   
81371 1    0   
81392 1    0   
81412 1    0   
81432 1    0   
81450 1    0   
81470 1    0   
81490 1    0   
81510 1    0   
81528 1    0   
81547 1    0   
81567 1    0   
81586 1    0   
81607 1    0   
81626 1    0   
81645 1    0   
81664 1    0   
81686 6    0   
81721 6    0   
81756 6    0   
81791 6    0   
81827 6    0   
81862 6    0   
81895 6    0   
81928 6    0   
81963 6    0   
81996 6    0   
82029 6    0   
82062 6    0   
82097 6    0   
82130 6    0   
82163 6    0   
82198 6    0   
82231 6    0   
82264 6    0   
82297 6    0   
82336 6    0   
82371 6    0   
82407 6    0   
82441 6    0   
82480 6    0   
82515 6    0   
82551 6    0   
82585 6    0   
82621 6    0   
82657 6    0   
82693 6    0   
82729 6    0   
82765 6    0   
82801 6    0   
82839 6    0   
82875 6    0   
82911 6    0   
82947 6    0   
82983 6    0   
83021 6    0   
83055 6    0   
83092 6    0   
83128 6    0   
83163 6    0   
83197 6    0   
83231 6    0   
83264 6    0   
83300 6    0   
83333 6    0   
83367 6    0   
83400 6    0   
83436 6    0   
83469 6    0   
83502 6    0   
83537 6    0   
83572 6    0   
83605 6    0   
83639 6    0   
83672 6    0   
83708 6    0   
83741 6    0   
83774 6    0   
83808 6    0   
83844 6    0   
83878 6    0   
83911 6    0   
83947 6    0   
83981 6    0   
84014 6    0   
84048 6    0   
84084 6    0   
84117 6    0   
84152 6    0   
84186 6    0   
84221 6    0   
84255 6    0   
84289 6    0   
84323 6    0   
84358 6    0   
84392 6    0   
84425 6    0   
84459 6    0   
84494 6    0   
84527 6    0   
84561 6    0   
84595 6    0   
84631 6    0   
84666 6    0   
84701 6    0   
84737 6    0   
84771 6    0   
84806 6    0   
84839 6    0   
84875 6    0   
84908 6    0   
84942 6    0   
84975 6    0   
85011 6    0   
85044 6    0   
85078 6    0   
85111 6    0   
85147 6    0   
85181 6    0   
85214 6    0   
85247 6    0   
85282 6    0   
85315 6    0   
85349 6    0   
85383 6    0   
85418 6    0   
85452 6    0   
85485 6    0   
85518 6    0   
85553 6    0   
85589 6    0   
85626 6    0   
85661 6    0   
85695 6    0   
85728 6    0   
85762 6    0   
85797 6    0   
85831 6    0   
85866 6    0   
85900 6    0   
85936 6    0   
85970 6    0   
86003 6    0   
86037 6    0   
86072 6    0   
86105 6    0   
86139 6    0   
86173 6    0   
86209 6    0   
86242 6    0   
86276 6    0   
86309 6    0   
86344 6    0   
86377 6    0   
86411 6    0   
86448 6    0   
86481 6    0   
86514 6    0   
86548 6    0   
86583 6    0   
86616 6    0   
86651 6    0   
86685 6    0   
86721 6    0   
86754 6    0   
86788 6    0   
86822 6    0   
86858 6    0   
86892 6    0   
86926 6    0   
86960 6    0   
86998 6    0   
87037 6    0   
87072 6    0   
87108 6    0   
87144 6    0   
87178 6    0   
87213 6    0   
87249 6    0   
87285 6    0   
87319 6    0   
87353 6    0   
87388 6    0   
87421 6    0   
87454 6    0   
87488 6    0   
87524 6    0   
87557 6    0   
87590 6    0   
87623 6    0   
87660 6    0   
87698 6    0   
87734 6    0   
87769 6    0   
87804 6    0   
87837 6    0   
87872 6    0   
87907 6    0   
87942 6    0   
87975 6    0   
88009 6    0   
88043 6    0   
88078 6    0   
88111 6    0   
88146 6    0   
88182 6    0   
88215 6    0   
88248 6    0   
88282 6    0   
88318 6    0   
88352 6    0   
88387 6    0   
88423 6    0   
88460 6    0   
88495 6    0   
88514 6    0   
88531 6    0   
88549 6    0   
88565 6    0   
88584 6    0   
88601 6    0   
88619 6    0   
88635 6    0   
88653 6    0   
88670 6    0   
88685 6    0   
88702 6    0   
88717 6    0   
88733 6    0   
88748 6    1   
88766 6    1   
88781 6    1   
88796 6    1   
88813 6    1   
88828 6    1   
88843 6    1   
88863 6    1   
88878 6    1   
88899 6    1   
88914 6    1   
88932 6    1   
88949 6    1   
88967 6    1   
88983 6    1   
88999 6    1   
89015 6    1   
89030 6    1   
89048 6    1   
89066 6    1   
89085 6    1   
89101 6    1   
89118 6    1   
89135 6    1   
89152 6    1   
89170 6    1   
89185 6    1   
89200 6    1   
89216 6    1   
89231 6    1   
89247 6    1   
89263 6    1   
89279 6    1   
89295 6    1   
89315 6    1   
89332 6    1   
89349 6    1   
89365 6    1   
89382 6    1   
89397 6    1   
89413 6    1   
89430 6    1   
89446 6    1   
89461 6    1   
89477 6    1   
89493 6    1   
89509 6    1   
89527 6    1   
89542 6    1   
89558 6    1   
89573 6    1   
89589 6    1   
89604 6    1   
89620 6    1   
89638 6    1   
89655 6    1   
89670 6    1   
89686 6    1   
89701 6    1   
89716 6    1   
89732 6    1   
89750 6    1   
89765 6    1   
89780 6    1   
89796 6    1   
89811 6    1   
89827 6    1   
89843 6    1   
89858 6    1   
89875 6    1   
89890 6    1   
89906 6    1   
89922 6    1   
89937 6    1   
89953 6    1   
89968 6    1   
89986 6    1   
90002 6    1   
90017 6    1   
90033 6    1   
90049 6    1   
90066 6    1   
90082 6    1   
90101 6    1   
90117 6    1   
90135 6    1   
90152 6    1   
90169 6    1   
90186 6    1   
90202 6    1   
90220 6    1   
90236 6    1   
90253 6    1   
90271 6    1   
90288 6    1   
90305 6    1   
90320 6    1   
90338 6    1   
90353 6    1   
90368 6    1   
90387 6    1   
90402 6    1   
90421 6    1   
90436 6    1   
90456 6    1   
90474 6    1   
90492 6    1   
90509 6    1   
90525 6    1   
90541 6    1   
90557 6    1   
90572 6    1   
90589 6    1   
90607 6    1   
90623 6    1   
90639 6    1   
90656 6    1   
90673 6    1   
90688 6    1   
90706 6    1   
90721 6    1   
90737 6    1   
90753 6    1   
90770 6    1   
90785 6    1   
90801 6    1   
90817 6    1   
90837 6    1   
90855 6    1   
90871 6    1   
90887 6    1   
90905 6    1   
90921 6    1   
90937 6    1   
90954 6    1   
90969 6    1   
90984 6    1   
91003 6    1   
91019 6    1   
91034 6    1   
91051 6    1   
91069 6    1   
91088 6    1   
91105 6    1   
91121 6    1   
91137 6    1   
91153 6    1   
91168 6    1   
91183 6    1   
91199 6    1   
91214 6    1   
91229 6    1   
91245 6    1   
91260 6    1   
91276 6    1   
91291 6    1   
91308 6    1   
91323 6    1   
91341 6    1   
91356 6    1   
91372 6    1   
91387 6    1   
91404 6    1   
91422 6    1   
91440 6    1   
91457 6    1   
91474 6    1   
91491 6    1   
91508 6    1   
91525 6    1   
91541 6    1   
91557 6    1   
91574 6    1   
91589 6    1   
91605 6    1   
91621 6    1   
91641 6    1   
91659 6    1   
91677 6    1   
91694 6    1   
91710 6    1   
91727 6    1   
91742 6    1   
91760 6    1   
91776 6    1   
91791 6    1   
91807 6    1   
91822 6    1   
91838 6    1   
91853 6    1   
91870 6    1   
91886 6    1   
91901 6    1   
91917 6    1   
91932 6    1   
91947 6    1   
91963 6    1   
91978 6    1   
91995 6    1   
92010 6    1   
92026 6    1   
92042 6    1   
92061 6    1   
92076 6    1   
92097 6    1   
92112 6    1   
92130 6    1   
92151 6    1   
92169 6    1   
92186 6    1   
92206 1    1   
92237 1    1   
92258 1    1   
92277 1    0   
92301 1    0   
92321 1    0   
92339 1    0   
92357 1    0   
92377 1    0   
92395 1    0   
92413 1    0   
92431 1    0   
92451 1    0   
92469 1    0   
92487 1    0   
92505 1    0   
92524 1    0   
92545 1    0   
92564 1    0   
92582 1    0   
92600 1    0   
92619 1    0   
92640 1    0   
92659 1    0   
92678 1    0   
92697 1    0   
92718 1    0   
92737 1    0   
92756 1    0   
92774 1    0   
92792 1    0   
92813 1    0   
92832 1    0   
92851 1    0   
92870 1    0   
92890 1    0   
92909 1    0   
92927 1    0   
92946 1    0   
92965 1    0   
92984 1    0   
93003 1    0   
93021 1    0   
93040 1    0   
93058 1    0   
93078 1    0   
93096 1    0   
93114 1    0   
93132 1    0   
93152 1    0   
93171 1    0   
93191 1    0   
93210 1    0   
93228 1    0   
93248 1    0   
93266 1    0   
93285 1    0   
93303 1    0   
93321 1    0   
93341 1    0   
93360 1    0   
93378 1    0   
93396 1    0   
93415 1    0   
93433 1    0   
93452 1    0   
93470 1    0   
93488 1    0   
93508 1    0   
93526 1    0   
93544 1    0   
93562 1    0   
93580 1    0   
93601 1    0   
93619 1    0   
93637 1    0   
93655 1    0   
93673 1    0   
93691 1    0   
93709 1    0   
93727 1    0   
93745 1    0   
93764 1    0   
93782 1    0   
93800 1    0   
93818 1    0   
93836 1    0   
93856 1    0   
93874 1    0   
93892 1    0   
93910 1    0   
93931 1    0   
93950 1    0   
93968 1    0   
93987 1    0   
94005 1    0   
94025 1    0   
94044 1    0   
94065 1    0   
94084 1    0   
94103 1    0   
94124 1    0   
94143 1    0   
94162 1    0   
94181 1    0   
94202 1    0   
94221 1    0   
94240 1    0   
94261 1    0   
94280 1    0   
94301 1    0   
94320 1    0   
94339 1    0   
94358 1    0   
94377 1    0   
94398 1    0   
94417 1    0   
94438 1    0   
94457 1    0   
94477 1    0   
94495 1    0   
94513 1    0   
94532 1    0   
94551 1    0   
94571 1    0   
94590 1    0   
94608 1    0   
94627 1    0   
94648 1    0   
94667 1    0   
94686 1    0   
94705 1    0   
94724 1    0   
94744 1    0   
94762 1    0   
94781 1    0   
94800 1    0   
94819 1    0   
94840 1    0   
94858 1    0   
94876 1    0   
94895 1    0   
94915 1    0   
94933 1    0   
94952 1    0   
94971 1    0   
94989 1    0   
95010 1    0   
95028 1    0   
95046 1    0   
95064 1    0   
95083 1    0   
95104 1    0   
95123 1    0   
95142 1    0   
95161 1    0   
95181 1    0   
95199 1    0   
95218 1    0   
95239 1    0   
95258 1    0   
95279 1    0   
95297 1    0   
95316 1    1   
95337 1    1   
95358 1    1   
95379 1    1   
95398 1    1   
95420 1    1   
95444 1    1   
95465 1    1   
95483 1    1   
95502 1    1   
95522 1    1   
95541 1    1   
95563 1    1   
95582 1    1   
95600 1    1   
95618 1    1   
95636 1    1   
95657 1    1   
95676 1    1   
95695 1    1   
95713 1    1   
95733 1    1   
95752 1    1   
95770 1    1   
95789 1    1   
95808 1    1   
95828 1    1   
95847 1    1   
95865 1    1   
95883 1    1   
95901 1    1   
95922 1    1   
95940 1    1   
95959 1    1   
95978 1    1   
95999 1    1   
96018 1    1   
96037 1    1   
96056 1    1   
96075 1    1   
96096 1    1   
96115 1    1   
96133 1    1   
96152 1    1   
96171 1    1   
96191 1    1   
96210 1    1   
96229 1    1   
96250 1    1   
96271 1    1   
96289 1    1   
96307 1    1   
96326 1    1   
96345 1    1   
96366 1    1   
96385 1    1   
96407 1    1   
96425 1    1   
96445 1    1   
96463 1    1   
96484 1    1   
96505 1    1   
96524 1    1   
96545 1    1   
96564 1    1   
96585 1    1   
96604 1    1   
96623 1    1   
96643 1    1   
96661 1    1   
96679 1    1   
96697 1    1   
96717 1    1   
96735 1    1   
96753 1    1   
96771 1    1   
96789 1    1   
96810 1    1   
96829 1    1   
96847 1    1   
96865 1    1   
96883 1    1   
96903 1    1   
96921 1    1   
96939 1    1   
96957 1    1   
96978 1    1   
96996 1    1   
97014 1    1   
97032 1    1   
97050 1    1   
97071 1    1   
97089 1    1   
97107 1    1   
97125 1    1   
97144 1    1   
97165 1    1   
97184 1    1   
97202 1    1   
97221 1    1   
97242 1    1   
97261 1    1   
97280 1    1   
97299 1    1   
97318 1    1   
97338 1    1   
97356 1    1   
97374 1    1   
97392 1    1   
97410 1    1   
97431 1    1   
97449 1    1   
97468 1    1   
97486 1    1   
97506 1    1   
97524 1    1   
97542 1    1   
97560 1    1   
97579 1    1   
97599 1    1   
97618 1    1   
97636 1    1   
97654 1    1   
97672 1    1   
97693 1    1   
97712 1    1   
97730 1    1   
97749 1    1   
97770 1    1   
97788 1    1   
97806 1    1   
97825 1    1   
97843 1    1   
97863 1    1   
97882 1    1   
97901 1    1   
97919 1    1   
97939 1    1   
97958 1    1   
97977 1    1   
97995 1    1   
98013 1    1   
98034 1    1   
98052 1    1   
98071 1    1   
98090 1    1   
98110 1    1   
98130 1    1   
98149 1    1   
98167 1    1   
98186 1    1   
98207 1    1   
98226 1    1   
98245 1    1   
98264 1    1   
98283 1    1   
98303 1    1   
98321 1    1   
98339 1    1   
98358 1    1   
98376 1    1   
98396 1    1   
98414 1    1   
98432 1    1   
98450 1    1   
98471 1    1   
98489 1    1   
98508 1    1   
98528 1    1   
98547 1    1   
98565 1    1   
98586 1    1   
98605 1    1   
98623 1    1   
98641 1    1   
98662 1    1   
98681 1    1   
98702 1    1   
98721 1    1   
98741 1    1   
98759 1    1   
98778 1    1   
98796 1    1   
98815 1    1   
98835 1    1   
98853 1    1   
98873 1    1   
98891 1    1   
98909 1    1   
98929 1    1   
98947 1    1   
98965 1    1   
98983 1    1   
99003 1    1   
99021 1    1   
99040 1    1   
99059 1    1   
99078 1    1   
99098 1    1   
99117 1    1   
99136 1    1   
99155 1    1   
99173 1    1   
99194 1    1   
99213 1    1   
99232 1    1   
99250 1    1   
99270 1    1   
99288 1    1   
99306 1    1   
99324 1    1   
99342 1    1   
99363 1    1   
99381 1    1   
99399 1    1   
99417 1    1   
99436 1    1   
99457 1    1   
99476 1    1   
99495 1    1   


