15365 254
15368 256
15372 258
15375 261
15379 263
15382 266
15385 268
15389 271
15392 274
15396 277
15399 279
15403 282
15406 284
15409 287
15413 289
15416 292
15420 294
15423 296
15427 298
15430 299
15434 301
15437 302
15440 303
15444 304
15447 304
15451 305
15454 305
15458 305
15461 305
15465 304
15468 304
15471 303
15475 302
15478 301
15482 300
15485 299
15489 297
15492 296
15496 295
15499 294
15502 293
15506 292
15509 291
15513 290
15516 289
15520 287
15523 286
15527 285
15530 283
15533 281
15537 279
15540 277
15544 276
15547 274
15551 272
15554 270
15557 268
15561 266
15564 264
15568 262
15571 260
15575 258
15578 257
15582 255
15585 253
15588 251
15592 249
15595 248
15599 246
15602 245
15606 243
15609 241
15613 239
15616 237
15619 235
15623 233
15626 231
15630 229
15633 227
15637 225
15640 222
15644 220
15647 217
15650 214
15654 211
15657 208
15661 340
15664 339
15668 337
15671 336
15674 335
15678 333
15681 332
15685 332
15688 331
15692 331
15695 330
15699 329
15702 328
15705 328
15709 328
15712 327
15716 327
15719 327
15723 326
15726 326
15730 326
15733 326
15736 326
15740 326
15743 326
15747 326
15750 326
15754 326
15757 326
15761 326
15764 326
15767 327
15771 328
15774 329
15778 330
15781 331
15785 333
15788 334
15791 335
15795 337
15798 339
15802 340
15805 342
15809 344
15812 346
15816 348
15819 350
15822 352
15826 354
15829 357
15833 359
15836 361
15840 362
15843 364
15847 366
15850 233
15853 235
15857 237
15860 238
15864 239
15867 239
15871 240
15874 240
15878 241
15881 241
15884 242
15888 242
15891 243
15895 244
15898 246
15902 247
15905 248
15909 250
15912 250
15915 252
15919 253
15922 254
15926 256
15929 257
15933 259
15936 261
15939 261
15943 261
15946 262
15950 262
15953 263
15957 264
15960 264
15964 265
15967 266
15970 267
15974 267
15977 267
15981 267
15984 268
15988 267
15991 267
15995 267
15998 266
16001 265
16005 264
16008 264
16012 263
16015 263
16019 264
16022 264
16026 264
16029 264
16032 264
16036 264
16039 265
16043 265
16046 266
16050 267
16053 267
16056 268
16060 268
16063 269
16067 270
16070 270
16074 270
16077 271
16081 271
16084 271
16087 271
16091 272
16094 272
16098 272
16101 272
16105 272
16108 272
16112 272
16115 272
16118 272
16122 272
16125 272
16129 272
16132 272
16136 272
16139 261
16143 261
16146 260
16149 260
16153 260
16156 260
16160 260
16163 260
16167 259
16170 258
16173 257
16177 256
16180 255
16184 254
16187 254
16191 253
16194 253
16198 253
16201 253
16204 253
16208 253
16211 253
16215 253
16218 253
16222 253
16225 252
16229 252
16232 252
16235 251
16239 251
16242 251
16246 250
16249 250
16253 249
16256 248
16260 248
16263 247
16266 246
16270 252
16273 252
16277 252
16280 252
16284 252
16287 252
16290 252
16294 252
16297 252
16301 252
16304 252
16308 252
16311 252
16315 252
16318 252
16321 252
16325 252
16328 252
16332 252
16335 252
16339 252
16342 252
16346 252
16349 252
16352 252
16356 252
16359 252
16363 252
16366 252
16370 252
16373 252
16377 252
16380 252
16383 252
16387 252
16390 251
16394 251
