r14 y=224|   1   1   1   1   1   1   1   1 
r15 y=240|   1   1   1   1   1   1   1   1 
r16 y=256|   1   1 180 182 179   1   1   1 
r17 y=272| 184 181 181   1 183   1   1   1 
r18 y=288|  17   1   1   1  17   1   1   1 
r19 y=304|   1   1   1   1  17   1   1   1 
r20 y=320|   1   1   1   1  31   1   1   1 
r21 y=336|   1   1   1   1   1   1   1   1 
r22 y=352|   1   1  17  17  17  17  17   1 
    col: 1843 1844 1845 1846 1847 1848 1849 1850

Unique tiles in cols 1840-1850, rows 14-22:
  tile 1
  tile 17
  tile 31
  tile 53
  tile 179
  tile 180
  tile 181
  tile 182
  tile 183
  tile 184
